0 0 0 0 0
-3.701283 0.37407033 -0.124947 -0.04600553 -0.02254394
-2.301457 -0.0463896 -0.2689395 -0.05577359 -0.01487761
-4.290261 0.01766515 0.2575635 0.02001361 -0.02574875
0 0 0 0 0
-2.741322 1.244322 0.03595817 0.01081458 0
-inf 0 0 0 0
-14.786286 -7.006554 1.28480596 0.005888095 0
0 0 0 0 0
-4.014471 0.3966855 -0.28708935 0.08353751 0
-4.314374 -0.8917478 0.08959478 -0.670601 0
-inf 0 0 0 0
0 0 0 0 0
-5.37632 0.26558946 0.06793648 -0.0443879 0
6.573378 -11.65903587 0.51441969 -13.670292 0
-4.257459 0.03657518 0.10745141 0.05882919 0
