0 0 0 0 0
-3.653464 0.17993929  -0.08235955 -0.001129907  -0.01667141
-2.723871 -0.03056375 -0.09364194 -0.026704813  -0.01678169
-3.777234 0.04534932  0.14232488  0.03333617  -0.01794462
0 0 0 0 0
-3.071447 1.150916  0.25350457  -0.12962129 0
-inf 0 0 0 0
-5.552352 -10.777255  0.09863087  0.07743428  0
0 0 0 0 0
-6.25422  0.0540082 0.2926632 -0.05160353 0
-5.355392 -21.0172883 0.3490391 -0.26835512 0
-inf 0 0 0 0
0 0 0 0 0
-5.618938 0.08888498  0.2305771 -0.07153204 0
-inf 0 0 0 0
-2.500565 -0.53187919 -0.1476075  0.08325104  0
