1476 10438
0 34
0 39
0 452
0 590
0 736
0 874
0 904
0 927
0 1037
0 1047
0 1056
0 1257
1 2
1 19
1 1122
2 5
2 37
2 41
2 532
2 959
5 64
5 206
5 602
5 796
5 888
6 7
6 410
7 8
7 10
7 76
9 72
11 12
11 793
11 813
11 837
11 858
12 69
12 814
13 27
13 44
13 86
13 794
14 52
14 807
15 18
15 19
15 20
15 56
17 18
17 21
17 22
18 19
18 20
18 700
19 20
20 437
21 22
21 332
23 26
24 74
24 374
25 375
27 44
27 48
27 393
27 669
27 767
27 847
27 849
27 1395
27 1408
28 161
28 209
28 540
28 1332
29 30
29 31
30 31
31 404
32 1301
33 62
33 164
33 216
34 35
34 129
34 134
34 229
34 249
34 423
34 452
34 457
34 460
34 464
34 526
34 584
34 588
34 695
34 698
34 701
34 706
34 773
34 779
34 826
34 828
34 904
34 906
34 908
34 1026
34 1028
34 1032
34 1128
34 1143
34 1144
34 1307
34 1309
34 1383
34 1430
34 1432
34 1437
34 1441
34 1442
34 1444
35 584
35 655
35 777
35 846
35 1028
35 1128
35 1430
37 41
37 64
37 72
37 356
37 379
37 532
37 1147
37 1149
37 1150
38 39
38 43
38 120
39 43
39 66
39 90
39 591
39 854
39 916
39 1008
39 1356
41 42
41 46
41 240
41 532
41 898
41 912
41 1214
42 46
42 1464
43 86
43 380
44 48
44 393
44 669
44 767
44 1395
44 1408
46 1464
47 67
48 49
48 50
48 364
48 393
48 623
48 1359
49 50
49 59
49 63
49 1358
50 395
51 52
56 88
56 89
56 214
56 573
56 1156
56 1189
56 1202
57 58
59 60
60 614
60 1014
61 62
61 66
61 90
61 350
61 352
61 538
61 545
61 942
61 1461
62 66
62 164
62 165
62 281
62 284
62 353
62 492
62 546
62 609
62 1334
62 1336
63 64
64 72
64 285
64 356
64 631
64 830
64 947
64 948
64 950
64 975
64 1339
64 1462
65 66
66 90
66 545
66 942
67 548
68 70
68 482
68 949
69 325
70 79
71 72
72 555
72 948
72 1150
74 75
74 413
75 76
75 77
75 79
75 81
75 326
76 77
76 79
78 79
78 327
79 625
79 1016
80 81
81 392
82 83
84 416
84 626
86 362
86 627
86 855
88 89
88 90
88 143
88 552
89 90
89 1104
89 1201
90 545
90 850
90 916
90 942
90 1205
92 93
92 95
92 96
92 97
92 98
92 101
92 145
92 184
92 185
92 371
92 663
92 740
92 1377
93 95
93 96
93 97
93 98
93 101
93 149
93 177
93 298
93 310
93 363
93 420
93 421
93 650
93 662
93 712
93 725
93 742
93 745
93 819
93 868
93 869
93 880
93 902
93 970
93 977
93 1036
93 1127
93 1259
93 1261
93 1264
93 1399
94 96
94 293
94 365
95 96
95 97
95 98
95 101
95 129
95 134
95 142
95 148
95 191
95 199
95 202
95 297
95 300
95 368
95 420
95 423
95 435
95 508
95 513
95 515
95 568
95 569
95 642
95 664
95 668
95 698
95 733
95 734
95 736
95 810
95 811
95 868
95 870
95 874
95 970
95 979
95 981
95 1051
95 1053
95 1056
95 1059
95 1063
95 1256
95 1257
95 1262
95 1396
95 1398
95 1409
96 97
96 98
96 101
96 118
96 121
96 130
96 160
96 192
96 207
96 424
96 428
96 453
96 501
96 559
96 560
96 579
96 587
96 638
96 651
96 729
96 736
96 737
96 874
96 875
96 930
96 961
96 973
96 1038
96 1056
96 1058
96 1088
96 1255
96 1257
96 1259
96 1260
96 1270
96 1399
96 1400
96 1418
96 1434
96 1468
97 98
97 101
97 123
97 131
97 132
97 147
97 148
97 198
97 456
97 503
97 509
97 561
97 563
97 566
97 653
97 665
97 740
97 772
97 877
97 977
97 1061
97 1090
97 1261
97 1271
97 1402
97 1435
97 1465
98 101
98 123
98 131
98 147
98 148
98 149
98 177
98 298
98 509
98 561
98 563
98 662
98 665
98 702
98 740
98 742
98 745
98 869
98 877
98 880
98 907
98 977
98 1061
98 1141
98 1259
98 1261
98 1264
98 1399
98 1402
99 567
99 764
99 882
99 980
99 1243
101 102
101 103
101 125
101 129
101 134
101 142
101 148
101 155
101 185
101 191
101 199
101 202
101 203
101 204
101 297
101 300
101 368
101 370
101 371
101 380
101 420
101 423
101 434
101 435
101 508
101 513
101 515
101 568
101 569
101 664
101 667
101 668
101 716
101 733
101 736
101 745
101 746
101 811
101 834
101 868
101 870
101 874
101 884
101 885
101 935
101 970
101 979
101 981
101 1032
101 1043
101 1051
101 1053
101 1056
101 1059
101 1063
101 1256
101 1257
101 1262
101 1264
101 1378
101 1396
101 1398
101 1405
101 1409
101 1444
102 103
102 804
104 637
104 743
105 158
105 705
105 1095
106 107
106 108
106 109
106 122
106 135
106 181
106 245
106 305
106 889
106 985
106 986
106 1266
107 108
107 109
107 112
107 116
107 118
107 121
107 123
107 125
107 144
107 153
107 163
107 183
107 301
107 302
107 304
107 439
107 516
107 570
107 572
107 574
107 677
107 679
107 681
107 709
107 753
107 754
107 755
107 816
107 890
107 911
107 987
107 990
107 1077
107 1267
107 1268
107 1269
107 1279
107 1410
107 1413
107 1466
107 1467
108 109
108 112
108 118
108 121
108 123
108 125
108 143
108 144
108 301
108 302
108 304
108 313
108 439
108 516
108 570
108 572
108 573
108 574
108 677
108 679
108 681
108 682
108 753
108 754
108 755
108 816
108 890
108 891
108 987
108 990
108 1077
108 1200
108 1267
108 1268
108 1410
108 1413
108 1466
108 1467
109 112
109 118
109 121
109 123
109 125
109 144
109 151
109 248
109 301
109 302
109 304
109 305
109 307
109 439
109 467
109 516
109 570
109 572
109 574
109 677
109 679
109 681
109 685
109 753
109 754
109 755
109 758
109 816
109 825
109 890
109 987
109 990
109 1018
109 1077
109 1267
109 1268
109 1273
109 1277
109 1278
109 1282
109 1410
109 1413
109 1419
109 1420
109 1466
109 1467
110 324
111 113
111 616
112 118
112 121
112 123
112 125
112 304
112 311
112 313
112 405
112 439
112 440
112 441
112 516
112 572
112 577
112 649
112 758
112 816
112 820
112 866
112 891
112 1082
112 1083
112 1084
112 1268
112 1269
112 1373
112 1413
112 1414
112 1467
113 999
114 115
114 161
115 127
115 1010
116 138
116 172
116 1249
116 1293
117 1007
118 120
118 121
118 123
118 125
118 130
118 160
118 192
118 207
118 302
118 428
118 441
118 453
118 501
118 560
118 577
118 579
118 580
118 581
118 587
118 651
118 737
118 753
118 930
118 961
118 990
118 1008
118 1038
118 1087
118 1088
118 1260
118 1270
118 1400
118 1418
118 1434
118 1468
119 120
119 127
120 121
121 123
121 125
121 130
121 144
121 151
121 207
121 307
121 574
121 579
121 581
121 685
121 755
121 758
121 825
121 1008
121 1018
121 1058
121 1077
121 1087
121 1088
121 1270
121 1273
121 1277
121 1278
121 1418
121 1419
121 1468
122 123
122 181
122 444
122 727
122 985
122 1266
123 125
123 131
123 132
123 147
123 148
123 301
123 320
123 440
123 456
123 503
123 518
123 561
123 570
123 653
123 665
123 677
123 762
123 772
123 820
123 987
123 1061
123 1082
123 1090
123 1271
123 1273
123 1435
124 309
124 328
124 624
125 144
125 151
125 155
125 185
125 204
125 266
125 307
125 329
125 361
125 370
125 434
125 574
125 599
125 648
125 667
125 685
125 691
125 703
125 718
125 755
125 758
125 765
125 790
125 806
125 825
125 885
125 936
125 1018
125 1077
125 1273
125 1277
125 1278
125 1378
125 1419
126 157
126 186
126 208
126 671
126 693
126 750
127 1078
128 130
128 190
128 1029
128 1253
128 1312
129 130
129 131
129 132
129 134
129 142
129 148
129 191
129 229
129 452
129 457
129 460
129 464
129 526
129 584
129 588
129 642
129 664
129 695
129 698
129 701
129 706
129 733
129 773
129 826
129 828
129 904
129 906
129 908
129 1026
129 1028
129 1032
129 1053
129 1128
129 1143
129 1144
129 1256
129 1307
129 1309
129 1398
129 1430
129 1432
129 1437
129 1441
129 1442
129 1444
130 131
130 132
130 134
130 160
130 192
130 207
130 428
130 452
130 453
130 454
130 501
130 525
130 560
130 579
130 587
130 651
130 737
130 771
130 904
130 930
130 961
130 1038
130 1088
130 1260
130 1270
130 1400
130 1418
130 1433
130 1434
130 1468
131 132
131 134
131 147
131 148
131 456
131 457
131 503
131 561
131 653
131 654
131 665
131 701
131 702
131 772
131 773
131 828
131 906
131 907
131 1031
131 1061
131 1090
131 1138
131 1141
131 1271
131 1308
131 1433
131 1435
131 1437
131 1438
132 133
132 134
132 147
132 153
132 183
132 184
132 198
132 339
132 456
132 460
132 461
132 525
132 566
132 588
132 653
132 772
132 1309
132 1433
132 1435
132 1442
132 1452
132 1465
133 339
133 340
133 367
133 448
133 487
133 833
133 1458
134 142
134 148
134 156
134 229
134 230
134 300
134 435
134 452
134 457
134 460
134 464
134 513
134 526
134 568
134 584
134 588
134 668
134 695
134 698
134 701
134 706
134 773
134 826
134 828
134 835
134 904
134 906
134 908
134 981
134 1026
134 1028
134 1032
134 1128
134 1143
134 1144
134 1307
134 1309
134 1394
134 1430
134 1432
134 1437
134 1441
134 1442
134 1444
134 1446
135 136
135 137
135 139
135 168
135 239
135 277
135 910
135 1329
136 137
136 466
136 528
136 539
136 910
136 912
136 915
136 1099
136 1147
136 1150
136 1330
137 466
137 491
137 910
137 912
137 915
137 1147
138 140
138 163
138 172
138 179
139 140
139 141
139 168
139 239
139 658
139 1114
139 1213
140 141
140 173
140 242
140 473
141 142
141 149
141 150
141 151
141 175
141 474
141 550
141 659
141 920
141 1123
141 1153
141 1162
142 148
142 243
142 244
142 380
142 469
142 921
142 1344
143 144
143 163
143 552
144 145
144 146
144 147
144 148
144 149
144 150
144 151
144 153
144 155
144 156
144 160
144 246
144 248
144 266
144 467
144 480
144 533
144 574
144 599
144 708
144 709
144 718
144 755
144 790
144 924
144 934
144 936
144 1035
144 1041
144 1077
144 1165
144 1174
144 1282
144 1420
145 146
145 147
145 148
145 149
145 150
145 151
145 153
145 155
145 156
145 160
145 184
145 185
145 249
145 262
145 591
145 663
145 779
146 147
146 148
146 149
146 150
146 151
146 153
146 155
146 156
146 160
146 254
146 592
146 1170
147 148
147 149
147 150
147 151
147 153
147 155
147 156
147 160
147 251
147 456
147 479
147 503
147 534
147 537
147 561
147 589
147 653
147 665
147 708
147 713
147 720
147 772
147 786
147 831
147 1035
147 1061
147 1090
147 1171
147 1271
147 1315
147 1435
147 1450
147 1452
147 1475
148 149
148 150
148 151
148 153
148 155
148 156
148 160
148 249
148 254
148 261
148 263
148 457
148 518
148 590
148 592
148 594
148 596
148 642
148 701
148 713
148 716
148 721
148 773
148 779
148 784
148 789
148 798
148 828
148 831
148 834
148 835
148 906
148 927
148 935
148 1037
148 1042
148 1043
148 1170
148 1171
148 1315
148 1394
148 1437
148 1475
149 150
149 151
149 153
149 155
149 156
149 160
149 177
149 258
149 260
149 344
149 477
149 479
149 480
149 537
149 712
149 714
149 786
149 787
149 931
149 932
149 1036
149 1039
149 1040
149 1041
149 1172
149 1317
149 1450
149 1453
150 151
150 153
150 155
150 156
150 160
150 258
150 260
150 344
150 479
150 480
150 484
150 497
150 537
150 714
150 786
150 787
150 923
150 931
150 932
150 1039
150 1040
150 1041
150 1172
150 1317
150 1428
150 1450
151 153
151 155
151 156
151 160
151 248
151 258
151 260
151 266
151 344
151 479
151 480
151 537
151 599
151 714
151 718
151 786
151 787
151 790
151 920
151 924
151 931
151 932
151 934
151 936
151 1039
151 1040
151 1041
151 1120
151 1165
151 1172
151 1174
151 1190
151 1317
151 1318
151 1450
152 157
152 182
152 265
152 486
152 801
152 940
152 1449
152 1454
153 155
153 156
153 160
153 183
153 184
153 263
153 264
153 347
153 366
153 484
153 640
153 709
153 787
153 789
153 934
153 1172
153 1174
153 1327
153 1350
153 1404
153 1452
153 1453
154 597
154 812
155 156
155 160
155 185
155 266
155 599
155 655
155 691
155 716
155 717
155 718
155 719
155 746
155 765
155 777
155 790
155 834
155 884
155 935
155 936
155 1043
155 1320
156 157
156 160
156 719
156 749
156 809
156 835
156 887
156 1394
156 1446
157 186
157 377
157 436
157 514
157 792
157 982
158 159
158 705
158 1095
159 187
159 267
160 246
160 260
160 347
160 533
160 930
160 931
160 1038
160 1166
160 1175
160 1317
160 1327
161 163
161 175
161 209
161 540
161 1331
161 1332
162 163
162 494
163 164
163 172
163 173
163 541
163 542
163 1199
163 1337
164 165
164 166
164 167
164 173
164 281
164 353
164 546
164 1334
164 1337
165 166
165 167
165 168
165 173
165 281
165 353
165 546
165 1182
165 1334
166 167
167 282
167 546
167 1334
167 1335
168 170
168 172
168 277
168 355
168 947
168 965
168 1210
168 1291
168 1329
168 1340
168 1343
169 172
170 172
170 222
171 471
171 578
171 1151
171 1417
172 355
172 951
172 1249
172 1293
172 1464
173 175
173 290
173 958
175 290
175 550
176 279
176 495
176 631
176 1346
176 1347
177 183
177 184
177 185
177 310
177 650
177 662
177 712
177 725
177 726
177 800
177 819
177 869
177 902
177 1036
177 1127
177 1233
178 180
178 643
179 223
181 727
182 511
182 801
182 1234
183 184
183 185
183 264
183 366
183 608
183 647
183 962
183 1242
183 1350
183 1404
184 185
184 362
184 608
184 647
184 962
184 1242
184 1350
184 1377
184 1380
185 361
185 362
185 371
185 647
185 648
185 806
185 964
185 1049
186 187
186 607
186 671
186 693
186 750
187 267
188 676
188 1240
189 190
189 209
189 557
189 670
190 192
190 206
190 292
190 1253
191 192
191 194
191 198
191 199
191 202
191 203
191 204
191 229
191 244
191 249
191 254
191 261
191 263
191 297
191 300
191 368
191 420
191 423
191 435
191 508
191 513
191 515
191 568
191 569
191 642
191 664
191 668
191 698
191 733
191 734
191 736
191 810
191 811
191 868
191 870
191 874
191 970
191 979
191 981
191 1051
191 1053
191 1056
191 1059
191 1063
191 1256
191 1257
191 1262
191 1396
191 1398
191 1409
192 194
192 198
192 199
192 202
192 203
192 204
192 207
192 246
192 251
192 260
192 424
192 428
192 453
192 501
192 559
192 560
192 579
192 587
192 638
192 651
192 729
192 736
192 737
192 874
192 875
192 930
192 961
192 973
192 1038
192 1056
192 1058
192 1088
192 1255
192 1257
192 1259
192 1260
192 1270
192 1399
192 1400
192 1418
192 1434
192 1468
194 195
194 198
194 199
194 202
194 203
194 204
194 224
194 254
194 288
194 508
194 645
194 811
194 1059
195 431
196 200
196 208
196 295
196 296
196 739
196 1401
198 199
198 201
198 202
198 203
198 204
198 251
198 263
198 264
198 297
198 298
198 366
198 432
198 561
198 566
198 665
198 742
198 880
198 881
198 979
198 1061
198 1377
198 1403
198 1404
198 1452
198 1465
199 200
199 201
199 202
199 203
199 204
199 229
199 244
199 249
199 254
199 261
199 263
199 264
199 297
199 298
199 300
199 366
199 368
199 420
199 423
199 432
199 435
199 460
199 508
199 513
199 515
199 566
199 568
199 569
199 582
199 588
199 664
199 668
199 733
199 736
199 742
199 763
199 789
199 811
199 868
199 870
199 874
199 880
199 881
199 962
199 970
199 979
199 981
199 1051
199 1053
199 1056
199 1059
199 1063
199 1242
199 1256
199 1257
199 1262
199 1309
199 1377
199 1396
199 1398
199 1403
199 1404
199 1409
199 1442
199 1465
200 265
200 433
201 365
201 744
201 883
201 1173
201 1457
202 203
202 204
202 229
202 244
202 249
202 254
202 261
202 263
202 266
202 297
202 300
202 368
202 370
202 371
202 380
202 420
202 423
202 434
202 435
202 508
202 513
202 515
202 568
202 569
202 664
202 667
202 668
202 716
202 733
202 736
202 745
202 746
202 811
202 834
202 868
202 870
202 874
202 884
202 885
202 935
202 970
202 979
202 981
202 1032
202 1043
202 1051
202 1053
202 1056
202 1059
202 1063
202 1256
202 1257
202 1262
202 1264
202 1378
202 1396
202 1398
202 1405
202 1409
202 1444
203 204
203 266
203 341
203 363
203 368
203 370
203 371
203 434
203 463
203 667
203 745
203 746
203 749
203 884
203 885
203 887
203 964
203 1049
203 1264
203 1378
203 1405
203 1445
204 248
204 266
204 361
204 368
204 370
204 371
204 421
204 434
204 599
204 648
204 667
204 703
204 718
204 745
204 746
204 790
204 806
204 877
204 881
204 884
204 885
204 936
204 1018
204 1058
204 1264
204 1265
204 1277
204 1378
204 1397
204 1402
204 1405
204 1406
204 1419
205 245
205 268
205 748
205 886
205 909
205 1407
206 215
206 240
206 429
206 602
206 796
206 888
206 975
206 1062
207 246
207 251
207 260
207 302
207 428
207 441
207 453
207 501
207 560
207 577
207 579
207 580
207 581
207 587
207 651
207 737
207 753
207 930
207 961
207 990
207 1008
207 1038
207 1087
207 1088
207 1260
207 1270
207 1400
207 1418
207 1434
207 1468
208 517
208 607
208 693
208 1440
209 210
209 214
209 215
209 232
209 540
209 1332
210 214
210 215
210 232
210 1197
210 1283
211 212
211 213
211 225
211 529
212 213
212 859
213 214
214 215
214 221
214 247
214 274
214 278
214 573
214 1104
214 1105
214 1112
214 1119
214 1156
214 1202
215 221
215 233
215 240
215 247
215 279
215 897
215 1099
215 1101
215 1103
215 1104
215 1289
215 1298
215 1429
216 217
216 218
216 220
216 221
216 234
216 235
216 281
217 218
217 220
217 221
217 239
217 277
217 1114
217 1291
218 219
218 220
218 221
218 222
218 1106
218 1421
219 226
220 221
220 224
220 284
220 1284
220 1286
220 1290
220 1422
221 247
221 521
221 554
221 1106
221 1289
222 223
222 224
223 224
223 269
223 1295
223 1425
224 288
224 1111
224 1113
224 1117
224 1152
224 1292
224 1297
224 1341
225 226
229 230
229 244
229 249
229 254
229 261
229 263
229 300
229 435
229 452
229 457
229 460
229 464
229 513
229 526
229 568
229 584
229 588
229 668
229 695
229 698
229 701
229 706
229 773
229 826
229 828
229 835
229 904
229 906
229 908
229 981
229 1026
229 1028
229 1032
229 1128
229 1143
229 1144
229 1307
229 1309
229 1394
229 1430
229 1432
229 1437
229 1441
229 1442
229 1444
229 1446
230 262
230 362
230 1143
230 1308
230 1446
232 233
233 240
233 247
233 279
233 289
233 530
233 543
234 235
234 281
234 845
235 281
235 1245
237 285
238 287
239 240
239 242
239 277
239 658
239 1114
239 1213
240 241
240 242
240 289
240 532
240 715
240 1298
240 1429
241 475
242 290
242 958
243 244
243 921
244 249
244 254
244 261
244 263
244 380
244 469
244 921
244 1344
245 246
245 247
245 248
245 268
245 277
245 279
245 933
245 985
245 1266
245 1322
246 247
246 248
246 249
246 251
246 254
246 258
246 260
246 261
246 262
246 263
246 264
246 266
246 269
246 302
246 533
246 708
246 709
246 753
246 930
246 931
246 990
246 1035
246 1038
246 1166
246 1175
246 1317
247 248
247 270
247 274
247 278
247 279
247 683
248 249
248 251
248 254
248 258
248 260
248 261
248 262
248 263
248 264
248 266
248 467
248 480
248 533
248 574
248 599
248 708
248 709
248 718
248 755
248 790
248 924
248 934
248 936
248 1035
248 1041
248 1077
248 1165
248 1174
248 1282
248 1420
249 251
249 254
249 258
249 260
249 261
249 262
249 263
249 264
249 266
249 276
249 423
249 584
249 590
249 592
249 596
249 642
249 716
249 721
249 779
249 780
249 789
249 798
249 831
249 834
249 835
249 927
249 935
249 1028
249 1037
249 1042
249 1043
249 1128
249 1170
249 1315
249 1394
249 1430
249 1475
251 252
251 254
251 258
251 260
251 261
251 262
251 263
251 264
251 266
251 477
251 479
251 534
251 536
251 537
251 589
251 590
251 591
251 708
251 720
251 786
251 927
251 930
251 1035
251 1037
251 1038
251 1433
251 1450
251 1452
252 276
252 595
252 794
252 1167
253 1393
254 255
254 258
254 260
254 261
254 262
254 263
254 264
254 266
254 276
254 508
254 590
254 592
254 596
254 642
254 716
254 721
254 779
254 789
254 798
254 811
254 831
254 834
254 835
254 927
254 935
254 1037
254 1042
254 1043
254 1059
254 1170
254 1307
254 1315
254 1394
254 1475
256 257
256 1239
257 267
258 259
258 260
258 261
258 262
258 263
258 264
258 266
258 288
258 344
258 477
258 479
258 480
258 537
258 712
258 714
258 786
258 787
258 931
258 932
258 1036
258 1039
258 1040
258 1041
258 1172
258 1317
258 1450
258 1453
260 261
260 262
260 263
260 264
260 266
260 269
260 288
260 344
260 479
260 480
260 533
260 537
260 714
260 786
260 787
260 930
260 931
260 932
260 1038
260 1039
260 1040
260 1041
260 1166
260 1172
260 1175
260 1317
260 1450
261 262
261 263
261 264
261 266
261 276
261 590
261 592
261 596
261 642
261 716
261 721
261 779
261 789
261 798
261 831
261 834
261 835
261 908
261 927
261 935
261 1037
261 1042
261 1043
261 1170
261 1262
261 1315
261 1355
261 1394
261 1441
261 1475
262 263
262 264
262 266
262 591
262 596
262 1042
263 264
263 266
263 276
263 297
263 460
263 484
263 582
263 588
263 590
263 592
263 596
263 642
263 716
263 721
263 763
263 779
263 789
263 798
263 831
263 834
263 835
263 927
263 934
263 935
263 962
263 979
263 1037
263 1042
263 1043
263 1170
263 1174
263 1242
263 1309
263 1315
263 1394
263 1442
263 1452
263 1453
263 1475
264 265
264 266
264 270
264 347
264 366
264 484
264 640
264 709
264 787
264 789
264 934
264 1172
264 1174
264 1327
264 1350
264 1404
264 1452
264 1453
265 486
265 1454
266 361
266 370
266 434
266 480
266 599
266 648
266 667
266 703
266 716
266 717
266 718
266 790
266 806
266 834
266 885
266 924
266 934
266 935
266 936
266 1018
266 1041
266 1043
266 1165
266 1174
266 1277
266 1320
266 1378
266 1419
267 793
267 837
268 269
268 270
268 274
268 797
268 933
268 1044
268 1179
268 1322
268 1323
268 1474
269 270
269 274
269 488
269 938
269 1045
269 1175
269 1176
269 1456
269 1459
269 1460
270 271
270 274
270 346
270 488
270 641
270 795
270 926
270 938
270 1045
270 1176
270 1460
270 1471
271 274
271 795
272 273
272 345
273 274
273 1178
273 1473
274 346
274 489
274 490
274 601
274 795
274 939
274 1324
274 1472
274 1473
276 721
276 723
276 724
276 798
276 822
276 838
276 941
276 1034
276 1326
276 1395
277 278
277 279
277 280
277 1328
277 1329
277 1340
277 1343
278 279
278 280
278 349
278 542
279 280
279 289
279 495
279 543
279 631
281 282
281 284
281 353
281 546
281 1334
282 546
282 1334
282 1335
284 288
284 290
284 352
284 492
284 550
284 1336
284 1384
285 356
285 491
285 947
285 948
285 950
285 1339
285 1462
286 287
288 289
288 290
288 358
288 497
288 550
288 632
288 1117
288 1215
288 1341
288 1461
289 290
289 354
289 543
289 945
290 550
290 958
292 1358
293 365
293 424
293 638
293 729
293 973
293 1255
294 510
294 738
295 296
295 444
295 976
295 1062
295 1137
296 337
296 458
296 739
296 976
296 1139
296 1401
297 298
297 299
297 300
297 339
297 366
297 368
297 420
297 423
297 432
297 435
297 460
297 508
297 513
297 515
297 566
297 568
297 569
297 582
297 588
297 664
297 668
297 733
297 736
297 742
297 763
297 789
297 811
297 868
297 870
297 874
297 880
297 881
297 962
297 970
297 979
297 981
297 1051
297 1053
297 1056
297 1059
297 1063
297 1242
297 1256
297 1257
297 1262
297 1309
297 1377
297 1396
297 1398
297 1403
297 1404
297 1409
297 1442
297 1465
298 299
298 300
298 310
298 329
298 339
298 366
298 432
298 566
298 662
298 742
298 745
298 869
298 880
298 881
298 977
298 979
298 1259
298 1261
298 1264
298 1377
298 1399
298 1403
298 1404
298 1453
298 1465
299 300
299 362
299 435
299 513
299 568
299 668
299 749
299 887
299 981
300 362
300 368
300 420
300 423
300 435
300 508
300 513
300 515
300 568
300 569
300 664
300 668
300 669
300 733
300 736
300 749
300 811
300 835
300 868
300 870
300 874
300 887
300 970
300 979
300 981
300 1051
300 1053
300 1056
300 1059
300 1063
300 1143
300 1256
300 1257
300 1262
300 1394
300 1396
300 1398
300 1408
300 1409
301 302
301 304
301 305
301 307
301 310
301 311
301 313
301 320
301 329
301 350
301 352
301 439
301 440
301 516
301 528
301 570
301 572
301 574
301 677
301 679
301 681
301 708
301 753
301 754
301 755
301 816
301 820
301 890
301 987
301 989
301 990
301 1035
301 1077
301 1082
301 1090
301 1267
301 1268
301 1271
301 1410
301 1413
301 1466
301 1467
302 303
302 304
302 305
302 307
302 310
302 311
302 313
302 320
302 329
302 350
302 352
302 439
302 441
302 516
302 533
302 570
302 572
302 574
302 577
302 579
302 677
302 679
302 681
302 753
302 754
302 755
302 816
302 890
302 987
302 990
302 1077
302 1088
302 1267
302 1268
302 1270
302 1410
302 1413
302 1418
302 1466
302 1467
302 1468
303 678
303 988
304 305
304 307
304 310
304 311
304 313
304 320
304 329
304 344
304 350
304 352
304 439
304 516
304 570
304 572
304 573
304 574
304 677
304 679
304 681
304 682
304 753
304 754
304 755
304 816
304 890
304 891
304 987
304 990
304 1077
304 1200
304 1267
304 1268
304 1410
304 1413
304 1466
304 1467
305 307
305 323
305 574
305 755
305 985
305 1077
305 1266
306 308
306 333
306 1005
306 1089
307 310
307 311
307 313
307 320
307 323
307 329
307 334
307 339
307 361
307 574
307 685
307 755
307 758
307 825
307 1018
307 1077
307 1273
307 1277
307 1278
307 1419
308 309
309 316
309 325
309 328
309 332
309 342
309 995
310 311
310 313
310 320
310 329
310 650
310 662
310 712
310 725
310 819
310 869
310 890
310 902
310 1036
310 1083
310 1127
310 1410
310 1414
311 312
311 313
311 320
311 329
311 334
311 358
311 440
311 441
311 577
311 581
311 649
311 758
311 820
311 891
311 1082
311 1083
311 1084
311 1209
311 1269
311 1414
312 1415
313 320
313 329
313 334
313 344
313 405
313 439
313 440
313 441
313 516
313 572
313 577
313 649
313 758
313 816
313 820
313 866
313 891
313 1082
313 1083
313 1084
313 1268
313 1269
313 1373
313 1413
313 1414
313 1467
314 315
314 326
314 331
314 1013
315 316
315 319
315 321
315 688
316 325
316 328
316 332
318 1006
319 321
319 1010
320 329
320 362
320 518
320 740
320 762
320 1008
320 1090
320 1271
320 1273
320 1308
320 1380
321 688
322 331
322 332
325 328
325 332
326 328
326 331
326 1017
327 328
328 332
328 1021
329 341
329 361
329 691
329 745
329 765
329 819
329 890
329 1018
329 1033
329 1083
329 1264
329 1277
329 1410
329 1414
329 1419
330 1020
331 338
331 1004
331 1086
332 333
332 342
333 1011
334 339
334 340
334 341
334 361
334 523
334 696
334 703
334 758
334 924
334 1384
335 337
335 1235
336 360
336 707
337 458
337 739
337 1139
337 1439
337 1440
339 340
339 341
339 361
339 460
339 461
339 523
339 525
339 588
339 608
339 696
339 703
339 881
339 934
339 1174
339 1309
339 1442
340 449
340 883
341 361
341 463
341 585
341 655
341 703
341 777
341 964
341 1027
341 1032
341 1033
341 1049
341 1129
341 1405
341 1444
341 1445
341 1446
343 422
343 1080
344 347
344 358
344 479
344 480
344 489
344 537
344 601
344 714
344 786
344 787
344 931
344 932
344 939
344 1039
344 1040
344 1041
344 1172
344 1317
344 1324
344 1450
344 1472
345 346
346 795
347 640
347 674
347 709
347 787
347 1172
347 1327
349 350
349 351
349 352
349 542
350 351
350 352
350 358
350 359
350 465
350 538
350 545
350 942
350 1461
351 352
351 491
352 358
352 359
352 538
352 545
352 550
352 942
352 1461
353 354
353 546
353 1334
354 495
354 543
354 553
354 945
355 356
355 951
355 1294
355 1340
356 357
356 544
356 947
356 948
356 950
356 959
356 1339
356 1462
357 1463
358 359
358 497
358 550
358 632
358 1117
358 1215
358 1341
358 1461
359 1344
360 1192
360 1223
361 362
361 370
361 434
361 599
361 608
361 648
361 667
361 703
361 718
361 790
361 806
361 885
361 936
361 964
361 967
361 1018
361 1049
361 1237
361 1277
361 1378
361 1419
362 647
363 366
363 368
363 370
363 371
363 420
363 421
363 662
363 749
363 800
363 868
363 869
363 887
363 970
363 1027
363 1233
363 1405
364 368
364 372
364 393
364 669
364 676
364 734
364 870
364 878
364 1396
364 1408
365 366
365 367
365 744
365 883
366 367
366 368
366 370
366 371
366 403
366 432
366 506
366 566
366 674
366 730
366 742
366 871
366 880
366 881
366 974
366 979
366 1350
366 1377
366 1403
366 1404
366 1465
367 370
367 427
367 487
367 833
367 881
367 883
367 1458
368 370
368 371
368 372
368 380
368 420
368 423
368 434
368 435
368 508
368 513
368 515
368 568
368 569
368 664
368 667
368 668
368 716
368 733
368 736
368 745
368 746
368 811
368 834
368 868
368 870
368 874
368 884
368 885
368 935
368 970
368 979
368 981
368 1032
368 1043
368 1051
368 1053
368 1056
368 1059
368 1063
368 1256
368 1257
368 1262
368 1264
368 1378
368 1396
368 1398
368 1405
368 1409
368 1444
369 430
370 371
370 380
370 421
370 434
370 599
370 648
370 667
370 703
370 718
370 745
370 746
370 790
370 806
370 877
370 881
370 884
370 885
370 936
370 1018
370 1058
370 1264
370 1265
370 1277
370 1378
370 1397
370 1402
370 1405
370 1406
370 1419
371 380
371 434
371 663
371 667
371 740
371 745
371 746
371 884
371 885
371 1264
371 1377
371 1378
371 1405
372 380
372 603
372 870
372 1370
372 1396
374 375
374 413
376 450
376 585
376 697
376 770
376 827
376 864
376 1030
376 1129
376 1130
376 1306
377 436
377 514
377 792
377 982
378 404
378 408
379 915
379 968
379 1149
379 1150
379 1426
379 1462
380 469
380 716
380 834
380 935
380 1032
380 1043
380 1444
381 1155
381 1331
382 387
384 614
385 1194
385 1357
386 390
386 395
386 406
388 389
389 394
389 853
390 395
391 1299
392 394
393 394
393 395
393 623
393 669
393 767
393 1359
393 1395
393 1408
394 1021
395 406
395 418
396 1374
397 952
398 400
403 404
403 405
403 406
403 856
403 865
403 866
403 1269
403 1286
403 1422
404 405
404 406
404 865
405 406
405 865
405 866
405 891
405 1373
406 866
408 411
408 986
409 410
409 416
410 413
410 414
410 417
412 416
413 414
413 417
414 417
415 615
415 857
416 417
416 626
420 421
420 423
420 424
420 425
420 428
420 432
420 434
420 435
420 452
420 457
420 460
420 464
420 469
420 492
420 508
420 513
420 515
420 568
420 569
420 662
420 664
420 668
420 733
420 736
420 811
420 826
420 851
420 868
420 869
420 870
420 874
420 970
420 979
420 981
420 1026
420 1051
420 1053
420 1056
420 1059
420 1063
420 1256
420 1257
420 1262
420 1396
420 1398
420 1409
421 422
421 423
421 424
421 425
421 427
421 428
421 432
421 434
421 435
421 467
421 480
421 662
421 667
421 868
421 869
421 877
421 881
421 885
421 970
421 1058
421 1378
421 1397
421 1402
422 1080
423 424
423 425
423 428
423 432
423 434
423 435
423 452
423 457
423 460
423 464
423 469
423 492
423 508
423 513
423 515
423 568
423 569
423 584
423 663
423 664
423 668
423 733
423 736
423 779
423 811
423 868
423 870
423 874
423 970
423 979
423 981
423 1028
423 1051
423 1053
423 1056
423 1059
423 1063
423 1128
423 1256
423 1257
423 1262
423 1396
423 1398
423 1409
423 1430
424 425
424 427
424 428
424 432
424 434
424 435
424 437
424 441
424 453
424 500
424 501
424 506
424 558
424 560
424 638
424 729
424 730
424 737
424 871
424 873
424 973
424 974
424 1166
424 1255
424 1260
424 1397
424 1400
425 426
425 427
425 428
425 432
425 434
425 435
425 439
425 489
425 506
425 558
425 638
425 729
425 730
425 871
425 873
425 973
425 974
425 1212
425 1255
425 1397
426 430
426 731
427 434
427 448
427 487
427 1397
428 429
428 432
428 434
428 435
428 437
428 441
428 452
428 453
428 454
428 477
428 500
428 501
428 502
428 559
428 560
428 579
428 587
428 638
428 651
428 729
428 736
428 737
428 874
428 875
428 930
428 961
428 973
428 1038
428 1056
428 1058
428 1088
428 1255
428 1257
428 1259
428 1260
428 1270
428 1399
428 1400
428 1418
428 1434
428 1468
429 888
429 975
429 1376
432 433
432 434
432 435
432 454
432 460
432 461
432 484
432 497
432 566
432 742
432 875
432 880
432 881
432 979
432 1274
432 1377
432 1403
432 1404
432 1465
433 436
433 486
434 435
434 463
434 467
434 480
434 599
434 648
434 667
434 703
434 718
434 745
434 746
434 790
434 806
434 877
434 881
434 884
434 885
434 936
434 1018
434 1058
434 1264
434 1265
434 1277
434 1378
434 1397
434 1402
434 1405
434 1406
434 1419
435 452
435 457
435 460
435 464
435 469
435 492
435 508
435 513
435 515
435 568
435 569
435 664
435 668
435 669
435 733
435 736
435 749
435 811
435 835
435 868
435 870
435 874
435 887
435 970
435 979
435 981
435 1051
435 1053
435 1056
435 1059
435 1063
435 1143
435 1256
435 1257
435 1262
435 1394
435 1396
435 1398
435 1408
435 1409
436 514
436 671
436 750
436 792
436 982
437 499
438 473
438 661
438 732
438 752
439 440
439 441
439 465
439 467
439 489
439 516
439 570
439 572
439 573
439 574
439 677
439 679
439 681
439 682
439 753
439 754
439 755
439 816
439 890
439 891
439 987
439 990
439 1077
439 1200
439 1267
439 1268
439 1410
439 1413
439 1466
439 1467
440 441
440 456
440 469
440 479
440 492
440 500
440 503
440 570
440 577
440 649
440 677
440 758
440 820
440 891
440 987
440 1082
440 1083
440 1084
440 1090
440 1269
440 1271
440 1371
440 1414
441 447
441 453
441 469
441 492
441 500
441 501
441 577
441 579
441 649
441 753
441 758
441 820
441 891
441 990
441 1082
441 1083
441 1084
441 1088
441 1269
441 1270
441 1414
441 1418
441 1468
442 478
442 580
442 1469
444 481
444 889
444 1092
444 1137
445 446
445 724
445 767
445 822
445 941
445 998
445 1326
446 452
446 457
446 460
446 464
446 1034
447 453
447 500
447 1470
448 449
448 487
448 523
448 696
449 523
449 696
450 462
450 463
450 585
450 697
450 770
450 827
450 864
450 1030
450 1129
450 1130
450 1306
451 505
452 453
452 454
452 456
452 457
452 460
452 461
452 463
452 464
452 469
452 477
452 492
452 501
452 526
452 584
452 587
452 588
452 590
452 651
452 695
452 698
452 701
452 706
452 736
452 771
452 773
452 826
452 828
452 874
452 904
452 906
452 908
452 927
452 1026
452 1028
452 1032
452 1037
452 1047
452 1056
452 1128
452 1143
452 1144
452 1257
452 1307
452 1309
452 1430
452 1432
452 1433
452 1434
452 1437
452 1441
452 1442
452 1444
453 454
453 456
453 457
453 460
453 461
453 463
453 464
453 477
453 500
453 501
453 502
453 525
453 560
453 579
453 587
453 651
453 737
453 771
453 904
453 930
453 961
453 1038
453 1088
453 1260
453 1270
453 1400
453 1418
453 1433
453 1434
453 1468
454 456
454 457
454 460
454 461
454 463
454 464
454 477
454 484
454 497
454 501
454 587
454 651
454 771
454 875
454 904
454 1433
454 1434
455 456
455 457
455 1391
456 457
456 460
456 461
456 463
456 464
456 479
456 503
456 561
456 653
456 654
456 665
456 701
456 702
456 772
456 773
456 828
456 906
456 907
456 1031
456 1061
456 1090
456 1138
456 1141
456 1271
456 1308
456 1433
456 1435
456 1437
456 1438
457 460
457 461
457 463
457 464
457 469
457 492
457 503
457 518
457 526
457 584
457 588
457 653
457 654
457 695
457 698
457 701
457 702
457 706
457 772
457 773
457 826
457 828
457 831
457 904
457 906
457 907
457 908
457 1026
457 1028
457 1031
457 1032
457 1128
457 1138
457 1141
457 1143
457 1144
457 1307
457 1308
457 1309
457 1315
457 1430
457 1432
457 1435
457 1437
457 1438
457 1441
457 1442
457 1444
457 1475
458 1139
458 1439
458 1440
460 461
460 462
460 463
460 464
460 469
460 484
460 492
460 525
460 526
460 582
460 584
460 588
460 695
460 698
460 701
460 706
460 763
460 773
460 789
460 826
460 828
460 904
460 906
460 908
460 962
460 979
460 1026
460 1028
460 1032
460 1128
460 1143
460 1144
460 1242
460 1307
460 1309
460 1310
460 1430
460 1432
460 1437
460 1441
460 1442
460 1444
461 462
461 463
461 464
461 484
461 497
461 525
461 588
461 1274
461 1309
461 1403
461 1442
463 464
463 585
463 655
463 703
463 777
463 964
463 1027
463 1032
463 1033
463 1049
463 1129
463 1405
463 1444
463 1445
463 1446
464 469
464 492
464 526
464 527
464 569
464 584
464 588
464 695
464 698
464 701
464 706
464 721
464 773
464 798
464 826
464 828
464 904
464 906
464 908
464 1026
464 1028
464 1032
464 1034
464 1063
464 1128
464 1143
464 1144
464 1307
464 1309
464 1409
464 1430
464 1432
464 1437
464 1441
464 1442
464 1444
465 466
465 467
465 469
465 474
465 528
465 911
465 916
466 467
466 491
466 910
466 912
466 915
466 1147
467 469
467 474
467 480
467 528
467 574
467 755
467 911
467 915
467 916
467 920
467 1077
467 1282
467 1420
469 470
469 474
469 492
469 500
469 656
469 1148
469 1336
470 495
471 578
471 1151
471 1417
472 473
472 474
472 498
473 474
474 475
474 479
474 480
474 497
474 550
474 659
474 920
474 1123
474 1153
474 1162
475 1124
477 479
477 480
477 484
477 489
477 501
477 534
477 536
477 589
477 590
477 591
477 712
477 714
477 771
477 927
477 930
477 1036
477 1037
477 1038
477 1259
477 1399
477 1453
478 1469
479 480
479 484
479 489
479 497
479 503
479 534
479 537
479 589
479 708
479 714
479 720
479 786
479 787
479 931
479 932
479 1035
479 1039
479 1040
479 1041
479 1172
479 1317
479 1450
479 1452
480 484
480 487
480 489
480 497
480 537
480 599
480 714
480 718
480 786
480 787
480 790
480 920
480 924
480 931
480 932
480 934
480 936
480 1039
480 1040
480 1041
480 1120
480 1165
480 1172
480 1174
480 1190
480 1317
480 1318
480 1450
481 483
481 484
481 486
481 487
481 598
481 933
481 1392
482 483
482 593
482 782
483 486
483 1263
484 485
484 486
484 487
484 489
484 497
484 789
484 923
484 934
484 1040
484 1174
484 1274
484 1403
484 1452
484 1453
485 486
485 832
486 1454
487 785
487 797
487 833
487 933
487 934
487 1174
487 1179
487 1318
487 1458
487 1474
488 489
488 795
488 938
488 1045
488 1176
488 1459
488 1460
488 1471
489 490
489 601
489 720
489 932
489 939
489 1175
489 1177
489 1324
489 1472
489 1473
491 497
491 539
491 544
491 950
491 1328
491 1330
492 493
492 495
492 497
492 500
492 547
492 656
492 1336
492 1344
492 1370
495 631
495 945
497 498
497 550
497 632
497 1040
497 1428
498 499
498 542
498 632
498 951
498 1464
499 1346
500 501
500 502
500 503
500 577
500 961
501 502
501 503
501 560
501 579
501 587
501 651
501 737
501 930
501 961
501 1038
501 1047
501 1088
501 1260
501 1270
501 1400
501 1418
501 1434
501 1468
502 504
502 961
503 504
503 561
503 653
503 665
503 728
503 772
503 1061
503 1090
503 1271
503 1435
505 815
506 508
506 509
506 513
506 515
506 558
506 638
506 640
506 674
506 729
506 730
506 871
506 872
506 873
506 973
506 974
506 1146
506 1186
506 1255
506 1292
506 1354
506 1397
506 1404
507 1055
508 509
508 513
508 515
508 518
508 526
508 568
508 569
508 592
508 664
508 668
508 733
508 736
508 811
508 868
508 870
508 874
508 970
508 979
508 981
508 1051
508 1053
508 1056
508 1059
508 1063
508 1170
508 1256
508 1257
508 1262
508 1307
508 1396
508 1398
508 1409
509 513
509 515
509 518
509 561
509 563
509 654
509 665
509 713
509 728
509 740
509 877
509 976
509 977
509 1031
509 1061
509 1138
509 1171
509 1261
509 1402
509 1438
510 738
511 535
513 515
513 518
513 526
513 568
513 569
513 664
513 668
513 669
513 733
513 736
513 749
513 811
513 835
513 868
513 870
513 874
513 887
513 970
513 979
513 981
513 1051
513 1053
513 1056
513 1059
513 1063
513 1143
513 1256
513 1257
513 1262
513 1394
513 1396
513 1398
513 1408
513 1409
514 671
514 750
514 792
514 982
515 518
515 526
515 568
515 569
515 664
515 668
515 733
515 736
515 811
515 868
515 870
515 874
515 970
515 979
515 981
515 1051
515 1053
515 1056
515 1059
515 1063
515 1144
515 1256
515 1257
515 1262
515 1396
515 1398
515 1409
516 518
516 528
516 533
516 538
516 545
516 552
516 570
516 572
516 573
516 574
516 677
516 679
516 681
516 682
516 753
516 754
516 755
516 816
516 890
516 891
516 987
516 990
516 1077
516 1200
516 1267
516 1268
516 1410
516 1413
516 1466
516 1467
517 678
517 988
517 1401
517 1449
518 526
518 582
518 701
518 762
518 763
518 773
518 828
518 831
518 906
518 1090
518 1271
518 1273
518 1315
518 1437
518 1475
521 554
521 1116
521 1119
521 1122
521 1298
521 1429
522 541
522 542
522 901
522 914
523 524
523 525
523 526
523 685
523 695
523 696
523 703
523 1165
523 1432
525 526
525 533
525 587
525 588
525 651
525 1309
525 1434
525 1442
526 527
526 569
526 584
526 588
526 695
526 698
526 701
526 706
526 721
526 773
526 798
526 826
526 828
526 904
526 906
526 908
526 1026
526 1028
526 1032
526 1034
526 1063
526 1128
526 1143
526 1144
526 1307
526 1309
526 1409
526 1430
526 1432
526 1437
526 1441
526 1442
526 1444
527 547
527 706
527 1034
527 1096
528 530
528 533
528 534
528 537
528 538
528 539
528 545
528 570
528 677
528 708
528 911
528 916
528 987
528 1035
530 543
530 553
532 544
532 959
532 1147
533 534
533 536
533 537
533 538
533 545
533 708
533 709
533 753
533 930
533 931
533 990
533 1035
533 1038
533 1166
533 1175
533 1317
534 535
534 536
534 537
534 589
534 590
534 591
534 708
534 720
534 786
534 927
534 930
534 1035
534 1037
534 1038
534 1433
534 1450
534 1452
535 1451
536 537
536 559
536 589
536 590
536 591
536 927
536 930
536 1037
536 1038
536 1039
536 1087
537 550
537 589
537 708
537 714
537 720
537 786
537 787
537 931
537 932
537 1035
537 1039
537 1040
537 1041
537 1172
537 1317
537 1450
537 1452
538 539
538 540
538 541
538 542
538 543
538 544
538 545
538 550
538 942
538 1461
539 540
539 541
539 542
539 543
539 544
539 545
539 555
539 948
539 1099
539 1328
539 1330
540 541
540 542
540 543
540 544
540 545
540 547
540 1331
540 1332
541 542
541 543
541 544
541 545
541 552
541 1199
541 1337
542 543
542 544
542 545
542 546
542 914
542 951
543 544
543 545
543 553
543 945
544 545
544 684
544 959
544 1147
544 1328
544 1330
544 1333
545 550
545 850
545 916
545 942
545 1205
545 1461
546 547
546 554
546 1334
546 1335
547 1336
548 549
549 550
549 958
549 1342
550 551
550 632
550 659
550 1123
550 1153
550 1162
553 554
553 945
555 644
555 948
555 968
555 1150
558 559
558 560
558 561
558 563
558 566
558 568
558 569
558 572
558 601
558 638
558 729
558 730
558 871
558 873
558 973
558 974
558 1212
558 1255
558 1397
559 560
559 561
559 563
559 566
559 568
559 569
559 579
559 581
559 587
559 589
559 590
559 591
559 736
559 737
559 874
559 875
559 1056
559 1058
559 1087
559 1257
559 1259
559 1260
559 1399
559 1400
560 561
560 563
560 566
560 568
560 569
560 577
560 579
560 580
560 581
560 587
560 589
560 590
560 591
560 638
560 651
560 729
560 736
560 737
560 874
560 875
560 930
560 961
560 973
560 1038
560 1056
560 1058
560 1088
560 1255
560 1257
560 1259
560 1260
560 1270
560 1399
560 1400
560 1418
560 1434
560 1468
561 562
561 563
561 566
561 568
561 569
561 570
561 589
561 653
561 665
561 740
561 772
561 877
561 977
561 1061
561 1090
561 1261
561 1271
561 1402
561 1435
561 1465
562 567
563 566
563 568
563 569
563 654
563 665
563 713
563 728
563 740
563 877
563 976
563 977
563 1031
563 1061
563 1138
563 1171
563 1261
563 1402
563 1438
564 565
566 567
566 568
566 569
566 570
566 582
566 583
566 588
566 589
566 608
566 665
566 742
566 880
566 881
566 979
566 1061
566 1377
566 1403
566 1404
566 1452
566 1465
567 882
567 980
568 569
568 582
568 584
568 588
568 590
568 592
568 596
568 600
568 603
568 664
568 668
568 669
568 733
568 736
568 749
568 811
568 835
568 868
568 870
568 874
568 887
568 970
568 979
568 981
568 1051
568 1053
568 1056
568 1059
568 1063
568 1143
568 1256
568 1257
568 1262
568 1394
568 1396
568 1398
568 1408
568 1409
569 582
569 584
569 588
569 590
569 592
569 596
569 603
569 664
569 668
569 706
569 721
569 733
569 736
569 798
569 811
569 868
569 870
569 874
569 970
569 979
569 981
569 1051
569 1053
569 1056
569 1059
569 1063
569 1256
569 1257
569 1262
569 1396
569 1398
569 1409
570 572
570 573
570 574
570 576
570 577
570 579
570 581
570 582
570 583
570 589
570 677
570 679
570 681
570 708
570 753
570 754
570 755
570 816
570 820
570 890
570 987
570 989
570 990
570 1035
570 1077
570 1082
570 1090
570 1267
570 1268
570 1271
570 1410
570 1413
570 1466
570 1467
571 573
571 1411
572 573
572 574
572 576
572 577
572 579
572 581
572 582
572 583
572 601
572 677
572 679
572 681
572 682
572 753
572 754
572 755
572 816
572 890
572 891
572 987
572 990
572 1077
572 1200
572 1267
572 1268
572 1410
572 1413
572 1466
572 1467
573 574
573 576
573 682
573 683
573 816
573 986
573 1156
573 1202
573 1268
573 1413
573 1467
574 576
574 577
574 579
574 581
574 582
574 583
574 599
574 608
574 677
574 679
574 681
574 685
574 753
574 754
574 755
574 758
574 816
574 825
574 890
574 987
574 990
574 1018
574 1077
574 1267
574 1268
574 1273
574 1277
574 1278
574 1282
574 1410
574 1413
574 1419
574 1420
574 1466
574 1467
575 576
575 684
576 684
576 989
577 579
577 580
577 581
577 582
577 583
577 587
577 649
577 753
577 758
577 820
577 891
577 990
577 1082
577 1083
577 1084
577 1088
577 1269
577 1270
577 1414
577 1418
577 1468
578 1151
578 1416
578 1417
579 580
579 581
579 582
579 583
579 587
579 589
579 590
579 591
579 651
579 737
579 753
579 930
579 961
579 990
579 1008
579 1038
579 1087
579 1088
579 1260
579 1270
579 1400
579 1418
579 1434
579 1468
580 581
580 587
580 1088
580 1270
580 1418
580 1468
580 1469
581 582
581 583
581 587
581 589
581 590
581 591
581 649
581 1008
581 1087
581 1088
581 1270
581 1418
581 1468
582 583
582 584
582 588
582 590
582 592
582 596
582 603
582 608
582 763
582 789
582 962
582 979
582 1242
582 1274
582 1309
582 1380
582 1442
583 588
583 608
583 763
583 1274
583 1380
584 585
584 587
584 588
584 590
584 592
584 596
584 603
584 695
584 698
584 701
584 706
584 773
584 779
584 826
584 828
584 904
584 906
584 908
584 1026
584 1028
584 1032
584 1128
584 1143
584 1144
584 1307
584 1309
584 1383
584 1430
584 1432
584 1437
584 1441
584 1442
584 1444
585 586
585 587
585 588
585 603
585 697
585 770
585 827
585 1027
585 1030
585 1129
585 1130
585 1131
585 1306
585 1445
585 1446
587 588
587 589
587 590
587 591
587 651
587 737
587 771
587 904
587 930
587 961
587 1038
587 1088
587 1260
587 1270
587 1400
587 1418
587 1433
587 1434
587 1468
588 590
588 592
588 596
588 603
588 608
588 695
588 698
588 701
588 706
588 763
588 773
588 789
588 826
588 828
588 904
588 906
588 908
588 962
588 979
588 1026
588 1028
588 1032
588 1128
588 1143
588 1144
588 1242
588 1307
588 1309
588 1310
588 1430
588 1432
588 1437
588 1441
588 1442
588 1444
589 590
589 591
589 592
589 596
589 599
589 601
589 708
589 720
589 786
589 927
589 930
589 1035
589 1037
589 1038
589 1433
589 1450
589 1452
590 591
590 592
590 594
590 596
590 599
590 600
590 601
590 603
590 642
590 716
590 721
590 736
590 779
590 789
590 798
590 831
590 834
590 835
590 874
590 904
590 927
590 930
590 935
590 1037
590 1038
590 1042
590 1043
590 1047
590 1056
590 1170
590 1257
590 1315
590 1394
590 1475
591 592
591 596
591 599
591 601
591 854
591 927
591 930
591 1008
591 1037
591 1038
591 1356
592 594
592 596
592 599
592 600
592 601
592 603
592 642
592 716
592 721
592 779
592 789
592 798
592 811
592 831
592 834
592 835
592 927
592 935
592 1037
592 1042
592 1043
592 1059
592 1170
592 1307
592 1315
592 1394
592 1475
593 594
593 782
594 595
594 596
594 600
594 784
594 831
594 1315
594 1475
595 605
595 774
595 794
596 599
596 600
596 601
596 603
596 642
596 716
596 721
596 779
596 789
596 798
596 831
596 834
596 835
596 908
596 927
596 935
596 1037
596 1042
596 1043
596 1170
596 1262
596 1315
596 1355
596 1394
596 1441
596 1475
597 776
597 1276
598 602
598 715
598 796
598 830
598 840
599 601
599 608
599 648
599 667
599 703
599 716
599 717
599 718
599 790
599 806
599 834
599 885
599 924
599 934
599 935
599 936
599 1018
599 1041
599 1043
599 1165
599 1174
599 1277
599 1320
599 1378
599 1419
600 780
600 835
600 838
600 1321
600 1394
600 1395
601 602
601 720
601 932
601 939
601 1175
601 1177
601 1324
601 1472
601 1473
602 715
602 796
602 830
602 888
602 1046
603 608
603 870
603 962
603 1047
603 1242
603 1348
603 1370
603 1396
604 605
604 1448
607 1440
608 647
608 648
608 806
608 881
608 934
608 962
608 967
608 1174
608 1237
608 1242
608 1350
609 610
609 635
610 1207
612 1196
614 1014
615 857
617 618
617 626
618 623
618 1359
621 999
623 867
623 1359
624 625
624 629
625 628
625 1016
627 855
632 787
632 1172
632 1367
632 1464
635 923
635 1084
635 1209
635 1284
636 808
637 743
637 922
637 1305
638 640
638 729
638 730
638 737
638 871
638 873
638 973
638 974
638 1166
638 1255
638 1260
638 1397
638 1400
640 641
640 642
640 709
640 730
640 787
640 871
640 926
640 974
640 1146
640 1166
640 1172
640 1186
640 1292
640 1327
640 1354
641 795
641 872
641 926
641 951
642 664
642 698
642 716
642 721
642 733
642 779
642 789
642 798
642 831
642 834
642 835
642 927
642 935
642 1037
642 1042
642 1043
642 1053
642 1170
642 1256
642 1315
642 1394
642 1398
642 1475
643 644
644 947
644 965
644 968
644 1149
644 1353
644 1392
645 647
645 648
646 1091
647 648
647 962
647 1242
647 1350
647 1377
647 1380
648 667
648 703
648 718
648 790
648 806
648 885
648 936
648 964
648 967
648 1018
648 1049
648 1237
648 1277
648 1378
648 1419
649 656
649 758
649 820
649 891
649 1082
649 1083
649 1084
649 1209
649 1269
649 1414
650 651
650 653
650 654
650 655
650 662
650 702
650 712
650 725
650 771
650 819
650 826
650 869
650 902
650 907
650 1026
650 1027
650 1033
650 1036
650 1127
650 1141
651 652
651 653
651 654
651 655
651 737
651 771
651 904
651 930
651 961
651 1038
651 1088
651 1260
651 1270
651 1400
651 1418
651 1433
651 1434
651 1468
652 1134
653 654
653 655
653 665
653 701
653 702
653 772
653 773
653 828
653 906
653 907
653 1031
653 1061
653 1090
653 1138
653 1141
653 1271
653 1308
653 1433
653 1435
653 1437
653 1438
654 655
654 701
654 702
654 713
654 728
654 772
654 773
654 828
654 906
654 907
654 1031
654 1138
654 1141
654 1171
654 1308
654 1435
654 1437
654 1438
655 691
655 703
655 717
655 746
655 765
655 777
655 884
655 1032
655 1033
655 1320
655 1444
655 1445
656 659
656 851
656 1336
658 659
658 1114
658 1213
659 1123
659 1153
659 1162
660 661
660 664
660 668
660 669
660 676
660 694
660 876
661 669
661 676
661 732
661 752
662 663
662 664
662 665
662 667
662 668
662 674
662 702
662 712
662 714
662 725
662 726
662 742
662 745
662 819
662 868
662 869
662 880
662 902
662 970
662 977
662 1036
662 1127
662 1259
662 1261
662 1264
662 1399
663 664
663 665
663 667
663 668
663 674
663 740
663 1377
664 665
664 667
664 668
664 669
664 674
664 676
664 695
664 698
664 701
664 706
664 716
664 721
664 733
664 734
664 736
664 810
664 811
664 868
664 870
664 874
664 970
664 979
664 981
664 1051
664 1053
664 1056
664 1059
664 1063
664 1256
664 1257
664 1262
664 1396
664 1398
664 1409
665 667
665 668
665 674
665 677
665 701
665 702
665 708
665 713
665 720
665 728
665 740
665 772
665 877
665 977
665 1061
665 1090
665 1261
665 1271
665 1402
665 1435
665 1465
666 672
666 976
666 1263
667 668
667 674
667 685
667 691
667 696
667 703
667 716
667 717
667 718
667 745
667 746
667 790
667 806
667 877
667 881
667 884
667 885
667 936
667 1018
667 1058
667 1264
667 1265
667 1277
667 1378
667 1397
667 1402
667 1405
667 1406
667 1419
668 669
668 670
668 674
668 676
668 695
668 698
668 701
668 706
668 716
668 719
668 721
668 733
668 736
668 749
668 811
668 835
668 868
668 870
668 874
668 887
668 970
668 979
668 981
668 1051
668 1053
668 1056
668 1059
668 1063
668 1143
668 1256
668 1257
668 1262
668 1394
668 1396
668 1398
668 1408
668 1409
669 670
669 676
669 723
669 724
669 734
669 767
669 878
669 981
669 1395
669 1408
670 983
670 984
671 675
671 693
671 747
671 750
671 982
672 1044
672 1323
674 681
674 709
674 730
674 871
674 974
674 1327
674 1404
676 723
676 724
676 734
676 752
676 878
676 1408
677 678
677 679
677 681
677 682
677 683
677 684
677 685
677 691
677 708
677 709
677 720
677 753
677 754
677 755
677 816
677 820
677 890
677 987
677 989
677 990
677 1035
677 1077
677 1082
677 1090
677 1267
677 1268
677 1271
677 1410
677 1413
677 1466
677 1467
678 684
678 693
678 988
679 681
679 682
679 683
679 684
679 685
679 691
679 708
679 709
679 753
679 754
679 755
679 816
679 890
679 987
679 990
679 1077
679 1087
679 1267
679 1268
679 1410
679 1413
679 1466
679 1467
681 682
681 683
681 684
681 685
681 691
681 708
681 709
681 753
681 754
681 755
681 816
681 890
681 911
681 987
681 990
681 1077
681 1267
681 1268
681 1269
681 1279
681 1410
681 1413
681 1466
681 1467
682 683
682 684
682 689
682 816
682 1268
682 1413
682 1467
683 684
683 691
683 986
684 821
684 889
684 1094
684 1147
685 691
685 695
685 696
685 703
685 718
685 755
685 758
685 825
685 1018
685 1077
685 1165
685 1273
685 1277
685 1278
685 1419
686 687
687 694
687 710
687 766
691 692
691 703
691 716
691 717
691 718
691 719
691 746
691 765
691 777
691 824
691 884
691 1018
691 1277
691 1320
691 1419
692 896
692 992
692 1076
693 750
694 706
694 721
694 722
694 723
694 822
694 838
694 1096
695 696
695 698
695 701
695 702
695 703
695 706
695 716
695 721
695 773
695 826
695 828
695 904
695 906
695 908
695 1026
695 1028
695 1032
695 1051
695 1128
695 1143
695 1144
695 1307
695 1309
695 1430
695 1432
695 1437
695 1441
695 1442
695 1444
696 698
696 701
696 702
696 703
696 706
696 718
696 1165
696 1432
697 700
697 770
697 827
697 864
697 1030
697 1129
697 1130
697 1306
698 699
698 701
698 702
698 703
698 706
698 716
698 721
698 733
698 773
698 826
698 828
698 904
698 906
698 908
698 1026
698 1028
698 1032
698 1053
698 1128
698 1143
698 1144
698 1256
698 1307
698 1309
698 1398
698 1430
698 1432
698 1437
698 1441
698 1442
698 1444
699 722
699 1431
700 1389
701 702
701 703
701 706
701 713
701 716
701 721
701 728
701 772
701 773
701 826
701 828
701 831
701 904
701 906
701 907
701 908
701 1026
701 1028
701 1031
701 1032
701 1128
701 1138
701 1141
701 1143
701 1144
701 1307
701 1308
701 1309
701 1315
701 1430
701 1432
701 1435
701 1437
701 1438
701 1441
701 1442
701 1444
701 1475
702 703
702 706
702 712
702 713
702 714
702 725
702 728
702 771
702 772
702 773
702 828
702 902
702 906
702 907
702 977
702 1031
702 1033
702 1127
702 1138
702 1141
702 1261
702 1308
702 1435
702 1437
702 1438
703 704
703 706
703 716
703 717
703 718
703 777
703 790
703 806
703 885
703 936
703 1018
703 1032
703 1033
703 1277
703 1378
703 1419
703 1444
703 1445
704 1142
705 1095
706 716
706 721
706 723
706 773
706 798
706 826
706 828
706 904
706 906
706 908
706 1026
706 1028
706 1032
706 1034
706 1063
706 1128
706 1143
706 1144
706 1307
706 1309
706 1409
706 1430
706 1432
706 1437
706 1441
706 1442
706 1444
707 1064
708 709
708 712
708 713
708 714
708 716
708 717
708 718
708 719
708 720
708 721
708 786
708 987
708 1035
708 1450
708 1452
709 712
709 713
709 714
709 716
709 717
709 718
709 719
709 720
709 721
709 754
709 787
709 911
709 1035
709 1172
709 1279
709 1327
710 711
710 712
710 788
710 1321
712 713
712 714
712 716
712 717
712 718
712 719
712 720
712 721
712 725
712 726
712 819
712 869
712 902
712 1036
712 1127
712 1453
713 714
713 716
713 717
713 718
713 719
713 720
713 721
713 728
713 831
713 1031
713 1138
713 1171
713 1315
713 1438
713 1475
714 715
714 716
714 717
714 718
714 719
714 720
714 721
714 725
714 786
714 787
714 931
714 932
714 1036
714 1039
714 1040
714 1041
714 1172
714 1317
714 1450
714 1453
715 717
715 719
715 796
715 830
715 1298
715 1429
716 717
716 718
716 719
716 720
716 721
716 723
716 724
716 779
716 789
716 790
716 798
716 831
716 834
716 835
716 927
716 935
716 936
716 1032
716 1037
716 1042
716 1043
716 1170
716 1315
716 1320
716 1394
716 1444
716 1475
717 718
717 719
717 720
717 721
717 746
717 765
717 777
717 790
717 834
717 884
717 935
717 936
717 1043
717 1320
718 719
718 720
718 721
718 790
718 806
718 834
718 885
718 924
718 934
718 935
718 936
718 1018
718 1041
718 1043
718 1165
718 1174
718 1277
718 1320
718 1378
718 1419
719 720
719 721
719 835
719 1320
719 1394
720 721
720 786
720 939
720 1035
720 1175
720 1177
720 1324
720 1450
720 1452
720 1472
721 722
721 723
721 724
721 779
721 789
721 798
721 831
721 834
721 835
721 838
721 927
721 935
721 1037
721 1042
721 1043
721 1063
721 1170
721 1315
721 1394
721 1409
721 1475
722 723
722 838
723 724
723 798
723 822
723 838
723 941
723 1034
723 1326
723 1395
724 941
724 1326
724 1395
725 726
725 728
725 800
725 819
725 869
725 902
725 1036
725 1127
725 1233
727 728
728 1031
728 1138
728 1171
728 1438
729 730
729 733
729 736
729 737
729 740
729 742
729 745
729 746
729 749
729 753
729 871
729 873
729 973
729 974
729 1166
729 1255
729 1260
729 1397
729 1400
730 731
730 733
730 736
730 737
730 740
730 742
730 745
730 746
730 749
730 754
730 787
730 871
730 872
730 873
730 973
730 974
730 1146
730 1186
730 1255
730 1292
730 1354
730 1397
730 1404
732 734
732 752
732 774
732 794
733 734
733 735
733 736
733 737
733 740
733 742
733 745
733 746
733 749
733 763
733 773
733 779
733 789
733 798
733 810
733 811
733 868
733 870
733 874
733 970
733 979
733 981
733 1051
733 1053
733 1056
733 1059
733 1063
733 1256
733 1257
733 1262
733 1396
733 1398
733 1409
734 735
734 736
734 752
734 767
734 810
734 878
734 1053
734 1256
734 1398
734 1408
736 737
736 740
736 742
736 745
736 746
736 749
736 763
736 771
736 773
736 779
736 789
736 798
736 811
736 868
736 870
736 874
736 875
736 904
736 927
736 970
736 979
736 981
736 1037
736 1047
736 1051
736 1053
736 1056
736 1057
736 1058
736 1059
736 1063
736 1256
736 1257
736 1259
736 1260
736 1262
736 1396
736 1398
736 1399
736 1400
736 1409
737 740
737 742
737 745
737 746
737 749
737 753
737 771
737 874
737 875
737 930
737 961
737 973
737 1038
737 1056
737 1058
737 1088
737 1255
737 1257
737 1259
737 1260
737 1270
737 1399
737 1400
737 1418
737 1434
737 1468
739 747
739 750
739 1401
739 1439
740 742
740 745
740 746
740 749
740 762
740 772
740 773
740 877
740 977
740 1061
740 1261
740 1308
740 1377
740 1402
742 743
742 744
742 745
742 746
742 749
742 763
742 771
742 789
742 869
742 880
742 881
742 977
742 979
742 1259
742 1261
742 1264
742 1377
742 1399
742 1403
742 1404
742 1453
742 1465
743 1263
744 883
744 1173
744 1457
745 746
745 749
745 765
745 771
745 777
745 790
745 806
745 869
745 880
745 884
745 885
745 977
745 1033
745 1259
745 1261
745 1264
745 1378
745 1399
745 1405
746 749
746 765
746 777
746 790
746 806
746 884
746 885
746 1264
746 1320
746 1378
746 1405
747 750
747 1142
747 1265
747 1406
748 749
748 886
748 909
748 1407
749 800
749 809
749 887
749 981
749 1405
749 1446
750 792
750 982
751 752
752 774
752 794
753 754
753 755
753 758
753 762
753 763
753 765
753 816
753 890
753 987
753 990
753 1077
753 1088
753 1267
753 1268
753 1270
753 1410
753 1413
753 1418
753 1466
753 1467
753 1468
754 755
754 758
754 762
754 763
754 765
754 787
754 816
754 890
754 911
754 987
754 990
754 1077
754 1267
754 1268
754 1269
754 1279
754 1410
754 1413
754 1466
754 1467
755 758
755 762
755 763
755 765
755 790
755 806
755 816
755 825
755 890
755 987
755 990
755 1018
755 1077
755 1267
755 1268
755 1273
755 1277
755 1278
755 1282
755 1410
755 1413
755 1419
755 1420
755 1466
755 1467
756 757
758 762
758 763
758 765
758 790
758 806
758 820
758 825
758 891
758 924
758 1018
758 1077
758 1082
758 1083
758 1084
758 1269
758 1273
758 1277
758 1278
758 1414
758 1419
759 839
762 763
762 765
762 772
762 773
762 1090
762 1271
762 1273
763 764
763 765
763 767
763 773
763 779
763 789
763 798
763 962
763 979
763 1242
763 1274
763 1309
763 1380
763 1442
764 980
764 1243
765 777
765 790
765 806
765 824
765 884
765 1018
765 1277
765 1320
765 1419
766 767
766 788
766 1321
766 1391
767 794
767 822
767 998
767 1395
767 1408
770 827
770 864
770 1030
770 1129
770 1130
770 1306
771 772
771 773
771 777
771 902
771 904
771 907
771 1033
771 1127
771 1141
771 1259
771 1399
771 1433
771 1434
772 773
772 774
772 777
772 786
772 828
772 906
772 907
772 1031
772 1061
772 1090
772 1138
772 1141
772 1271
772 1308
772 1433
772 1435
772 1437
772 1438
773 774
773 777
773 779
773 784
773 789
773 798
773 826
773 828
773 831
773 904
773 906
773 907
773 908
773 1026
773 1028
773 1031
773 1032
773 1128
773 1138
773 1141
773 1143
773 1144
773 1307
773 1308
773 1309
773 1315
773 1430
773 1432
773 1435
773 1437
773 1438
773 1441
773 1442
773 1444
773 1475
774 794
776 1276
777 790
777 806
777 884
777 1032
777 1033
777 1320
777 1444
777 1445
779 780
779 781
779 782
779 784
779 786
779 787
779 789
779 790
779 798
779 831
779 834
779 835
779 927
779 935
779 1028
779 1037
779 1042
779 1043
779 1128
779 1170
779 1315
779 1394
779 1430
779 1475
780 781
780 782
780 784
780 788
780 789
780 798
780 838
781 782
782 783
784 785
784 789
784 798
784 831
784 1315
784 1475
785 790
785 797
785 833
785 1179
785 1318
785 1458
785 1474
786 787
786 789
786 790
786 798
786 931
786 932
786 1035
786 1039
786 1040
786 1041
786 1172
786 1317
786 1450
786 1452
787 789
787 790
787 795
787 798
787 931
787 932
787 1039
787 1040
787 1041
787 1172
787 1317
787 1327
787 1367
787 1450
788 789
788 1048
788 1321
789 790
789 798
789 831
789 834
789 835
789 927
789 934
789 935
789 962
789 979
789 1037
789 1042
789 1043
789 1170
789 1174
789 1242
789 1309
789 1315
789 1394
789 1442
789 1452
789 1453
789 1475
790 791
790 797
790 798
790 806
790 834
790 885
790 924
790 934
790 935
790 936
790 1018
790 1041
790 1043
790 1165
790 1174
790 1277
790 1320
790 1378
790 1419
792 982
793 813
793 837
793 858
794 1395
795 796
795 797
795 926
795 938
795 1045
795 1176
795 1460
795 1471
796 797
796 799
796 830
796 888
796 1046
797 833
797 1044
797 1046
797 1179
797 1318
797 1322
797 1323
797 1347
797 1458
797 1474
798 799
798 831
798 834
798 835
798 838
798 927
798 935
798 1037
798 1042
798 1043
798 1063
798 1170
798 1315
798 1394
798 1409
798 1475
799 1180
800 806
800 809
800 964
800 1027
800 1049
800 1233
803 805
804 806
806 885
806 936
806 964
806 967
806 1018
806 1049
806 1237
806 1277
806 1378
806 1419
809 887
809 1446
810 811
810 1053
810 1256
810 1398
811 826
811 828
811 831
811 834
811 835
811 868
811 870
811 874
811 970
811 979
811 981
811 1051
811 1053
811 1056
811 1059
811 1063
811 1170
811 1256
811 1257
811 1262
811 1307
811 1396
811 1398
811 1409
813 814
813 837
813 858
813 984
814 815
814 836
816 817
816 818
816 819
816 820
816 824
816 825
816 890
816 891
816 987
816 990
816 1077
816 1200
816 1267
816 1268
816 1410
816 1413
816 1466
816 1467
817 818
818 991
819 820
819 824
819 825
819 826
819 869
819 890
819 902
819 1036
819 1083
819 1127
819 1410
819 1414
820 824
820 825
820 891
820 987
820 1082
820 1083
820 1084
820 1090
820 1269
820 1271
820 1371
820 1414
821 840
821 1094
822 838
822 998
822 1034
822 1096
822 1097
823 824
823 1014
824 825
825 1018
825 1077
825 1273
825 1277
825 1278
825 1419
826 828
826 831
826 834
826 835
826 851
826 868
826 902
826 904
826 906
826 908
826 970
826 1026
826 1027
826 1028
826 1032
826 1127
826 1128
826 1143
826 1144
826 1307
826 1309
826 1430
826 1432
826 1437
826 1441
826 1442
826 1444
827 864
827 1030
827 1129
827 1130
827 1306
828 831
828 834
828 835
828 904
828 906
828 907
828 908
828 1026
828 1028
828 1031
828 1032
828 1128
828 1138
828 1141
828 1143
828 1144
828 1307
828 1308
828 1309
828 1315
828 1430
828 1432
828 1435
828 1437
828 1438
828 1441
828 1442
828 1444
828 1475
830 840
830 975
830 1392
831 834
831 835
831 838
831 906
831 927
831 935
831 1037
831 1042
831 1043
831 1170
831 1171
831 1315
831 1394
831 1437
831 1475
833 933
833 934
833 1174
833 1179
833 1318
833 1458
833 1474
834 835
834 838
834 927
834 935
834 936
834 1032
834 1037
834 1042
834 1043
834 1170
834 1315
834 1320
834 1394
834 1444
834 1475
835 838
835 927
835 935
835 981
835 1037
835 1042
835 1043
835 1143
835 1170
835 1315
835 1394
835 1395
835 1475
836 837
836 928
837 858
839 1238
841 1004
842 1020
843 844
847 849
847 860
847 862
847 867
847 998
850 854
850 916
850 942
850 1205
851 854
851 855
851 868
851 970
851 1026
852 855
852 1360
853 1365
854 855
854 1008
854 1356
856 865
856 866
856 1185
856 1186
856 1269
856 1286
856 1367
856 1422
860 862
860 867
860 1359
862 863
862 867
864 1030
864 1130
864 1306
865 866
865 1269
865 1286
865 1422
866 891
866 1373
868 869
868 870
868 871
868 873
868 874
868 875
868 876
868 877
868 878
868 880
868 881
868 884
868 885
868 887
868 902
868 904
868 906
868 908
868 927
868 935
868 962
868 970
868 979
868 981
868 1026
868 1051
868 1053
868 1056
868 1059
868 1063
868 1256
868 1257
868 1262
868 1396
868 1398
868 1409
869 870
869 871
869 873
869 874
869 875
869 877
869 880
869 881
869 884
869 885
869 887
869 890
869 902
869 907
869 970
869 977
869 1036
869 1127
869 1259
869 1261
869 1264
869 1399
870 871
870 873
870 874
870 875
870 876
870 877
870 878
870 880
870 881
870 884
870 885
870 887
870 904
870 906
870 908
870 927
870 935
870 962
870 970
870 979
870 981
870 1051
870 1053
870 1056
870 1059
870 1063
870 1256
870 1257
870 1262
870 1370
870 1396
870 1398
870 1409
871 872
871 873
871 874
871 875
871 877
871 880
871 881
871 884
871 885
871 887
871 911
871 926
871 951
871 973
871 974
871 1146
871 1186
871 1255
871 1292
871 1354
871 1397
871 1404
872 873
872 914
872 926
872 951
872 974
873 874
873 875
873 877
873 880
873 881
873 884
873 885
873 887
873 891
873 932
873 939
873 973
873 974
873 1212
873 1255
873 1397
874 875
874 876
874 877
874 878
874 880
874 881
874 884
874 885
874 887
874 904
874 906
874 908
874 927
874 930
874 935
874 961
874 962
874 970
874 979
874 981
874 1037
874 1047
874 1051
874 1053
874 1056
874 1057
874 1058
874 1059
874 1063
874 1256
874 1257
874 1259
874 1260
874 1262
874 1396
874 1398
874 1399
874 1400
874 1409
875 877
875 880
875 881
875 884
875 885
875 887
875 904
875 923
875 927
875 930
875 961
875 1056
875 1058
875 1257
875 1259
875 1260
875 1399
875 1400
875 1403
876 877
876 878
876 906
877 880
877 881
877 883
877 884
877 885
877 887
877 906
877 907
877 920
877 924
877 934
877 936
877 977
877 1058
877 1061
877 1261
877 1273
877 1378
877 1397
877 1402
878 908
878 941
878 1240
878 1262
878 1368
878 1408
879 1258
880 881
880 883
880 884
880 885
880 887
880 890
880 902
880 907
880 934
880 962
880 977
880 979
880 1259
880 1261
880 1264
880 1377
880 1399
880 1403
880 1404
880 1453
880 1465
881 882
881 883
881 884
881 885
881 887
881 920
881 924
881 934
881 936
881 962
881 979
881 1058
881 1174
881 1377
881 1378
881 1397
881 1402
881 1403
881 1404
881 1465
882 883
882 980
883 885
883 934
884 885
884 887
884 888
884 921
884 935
884 936
884 964
884 1264
884 1320
884 1378
884 1405
885 887
885 920
885 924
885 934
885 935
885 936
885 964
885 1018
885 1058
885 1264
885 1265
885 1277
885 1378
885 1397
885 1402
885 1405
885 1406
885 1419
886 887
886 909
886 933
886 1407
887 964
887 981
887 1405
887 1446
888 897
888 921
888 975
888 1062
889 890
889 897
889 903
889 910
889 912
889 915
889 947
889 985
889 986
889 1181
889 1266
889 1328
890 891
890 902
890 907
890 911
890 916
890 942
890 987
890 990
890 1077
890 1083
890 1267
890 1268
890 1410
890 1413
890 1414
890 1466
890 1467
891 923
891 924
891 932
891 939
891 1082
891 1083
891 1084
891 1268
891 1269
891 1373
891 1413
891 1414
891 1467
893 957
894 896
896 953
896 992
896 1076
897 898
897 910
897 912
897 915
897 1099
897 1101
897 1103
897 1104
897 1289
897 1298
897 1429
898 899
898 912
898 959
898 1110
898 1118
898 1214
898 1298
898 1427
898 1429
899 920
899 1120
900 918
901 911
901 912
901 914
902 904
902 906
902 907
902 908
902 1026
902 1027
902 1033
902 1036
902 1127
902 1141
903 909
903 910
903 947
903 1137
904 905
904 906
904 907
904 908
904 927
904 930
904 935
904 961
904 962
904 1026
904 1028
904 1032
904 1037
904 1047
904 1056
904 1128
904 1143
904 1144
904 1257
904 1307
904 1309
904 1430
904 1432
904 1433
904 1434
904 1437
904 1441
904 1442
904 1444
906 907
906 908
906 927
906 935
906 962
906 1026
906 1028
906 1031
906 1032
906 1128
906 1138
906 1141
906 1143
906 1144
906 1307
906 1308
906 1309
906 1315
906 1430
906 1432
906 1435
906 1437
906 1438
906 1441
906 1442
906 1444
906 1475
907 908
907 977
907 1031
907 1033
907 1127
907 1138
907 1141
907 1261
907 1308
907 1435
907 1437
907 1438
908 927
908 935
908 962
908 1026
908 1028
908 1032
908 1042
908 1128
908 1143
908 1144
908 1262
908 1307
908 1309
908 1355
908 1430
908 1432
908 1437
908 1441
908 1442
908 1444
909 933
909 1407
910 911
910 912
910 913
910 914
910 915
910 916
910 917
910 947
910 1147
910 1149
910 1181
910 1328
911 912
911 913
911 914
911 915
911 916
911 920
911 921
911 942
911 1279
912 913
912 914
912 915
912 916
912 917
912 1147
913 914
913 915
913 917
914 915
914 916
914 919
914 926
914 951
915 916
915 917
915 920
915 1147
915 1203
916 917
916 920
916 921
916 942
916 1205
917 943
919 946
919 1352
920 921
920 924
920 931
920 932
920 934
920 936
920 1041
920 1120
920 1153
920 1190
921 939
921 1304
922 1305
923 924
923 927
923 930
923 931
923 932
923 934
923 935
923 936
923 939
923 1040
923 1084
923 1284
924 925
924 927
924 930
924 931
924 932
924 934
924 935
924 936
924 939
924 1041
924 1165
924 1174
925 946
926 938
926 951
927 930
927 931
927 932
927 934
927 935
927 936
927 939
927 941
927 961
927 962
927 1037
927 1038
927 1042
927 1043
927 1047
927 1056
927 1170
927 1257
927 1315
927 1394
927 1475
928 929
930 931
930 932
930 934
930 935
930 936
930 939
930 961
930 1037
930 1038
930 1088
930 1166
930 1175
930 1260
930 1270
930 1317
930 1400
930 1418
930 1434
930 1468
931 932
931 934
931 935
931 936
931 939
931 961
931 1038
931 1039
931 1040
931 1041
931 1166
931 1172
931 1175
931 1317
931 1450
932 934
932 935
932 936
932 939
932 1039
932 1040
932 1041
932 1172
932 1317
932 1324
932 1450
932 1472
933 934
933 1322
933 1458
934 935
934 936
934 939
934 962
934 1041
934 1165
934 1174
934 1452
934 1453
934 1458
935 936
935 939
935 941
935 962
935 964
935 1032
935 1037
935 1042
935 1043
935 1170
935 1315
935 1320
935 1394
935 1444
935 1475
936 939
936 964
936 1018
936 1041
936 1043
936 1165
936 1174
936 1277
936 1320
936 1378
936 1419
937 1314
938 939
938 1045
938 1176
938 1459
938 1460
938 1471
939 1175
939 1177
939 1324
939 1472
939 1473
940 1449
941 1326
941 1395
942 943
942 1205
942 1461
943 944
943 957
944 957
946 1335
947 948
947 950
947 951
947 952
947 959
947 1149
947 1328
947 1339
947 1340
947 1353
947 1392
947 1462
948 950
948 951
948 952
948 959
948 1150
948 1330
948 1339
948 1462
950 951
950 952
950 959
950 1339
950 1462
951 952
952 956
954 955
956 958
956 959
956 1342
957 959
958 959
961 962
961 964
961 1038
961 1047
961 1088
961 1260
961 1270
961 1400
961 1418
961 1434
961 1468
962 964
962 979
962 1047
962 1242
962 1309
962 1348
962 1350
962 1442
964 1049
964 1233
964 1405
964 1445
965 966
965 967
965 968
965 1210
965 1291
965 1340
966 967
966 968
967 968
967 969
967 1113
967 1237
967 1362
967 1397
968 969
968 1237
968 1426
968 1462
970 973
970 974
970 977
970 979
970 981
970 1026
970 1027
970 1028
970 1032
970 1036
970 1037
970 1042
970 1043
970 1047
970 1051
970 1053
970 1056
970 1059
970 1063
970 1256
970 1257
970 1262
970 1396
970 1398
970 1409
971 1164
972 978
972 984
973 974
973 975
973 977
973 979
973 981
973 990
973 1038
973 1166
973 1255
973 1260
973 1397
973 1400
974 975
974 977
974 979
974 981
974 1146
974 1186
974 1255
974 1292
974 1354
974 1397
974 1404
975 976
976 977
976 1031
977 979
977 981
977 1031
977 1033
977 1036
977 1061
977 1141
977 1259
977 1261
977 1264
977 1399
977 1402
978 984
979 980
979 981
979 1026
979 1028
979 1032
979 1037
979 1042
979 1043
979 1047
979 1051
979 1053
979 1056
979 1059
979 1063
979 1242
979 1256
979 1257
979 1262
979 1309
979 1377
979 1396
979 1398
979 1403
979 1404
979 1409
979 1442
979 1465
980 1243
981 984
981 1026
981 1028
981 1032
981 1037
981 1042
981 1043
981 1047
981 1051
981 1053
981 1056
981 1059
981 1063
981 1143
981 1256
981 1257
981 1262
981 1394
981 1396
981 1398
981 1408
981 1409
983 984
983 1064
985 986
985 987
985 989
985 990
985 1266
986 987
986 989
986 990
986 1266
987 988
987 989
987 990
987 1008
987 1018
987 1035
987 1077
987 1082
987 1090
987 1267
987 1268
987 1271
987 1410
987 1413
987 1466
987 1467
988 989
989 990
989 1014
989 1035
990 991
990 1008
990 1014
990 1018
990 1035
990 1038
990 1077
990 1088
990 1267
990 1268
990 1270
990 1410
990 1413
990 1418
990 1466
990 1467
990 1468
992 1003
992 1076
992 1412
994 1004
994 1013
995 1002
995 1021
996 999
996 1001
996 1015
996 1017
996 1078
997 1000
998 999
998 1034
999 1015
999 1017
1002 1003
1002 1021
1004 1013
1004 1086
1005 1006
1005 1011
1005 1089
1006 1008
1007 1024
1008 1018
1008 1037
1008 1038
1008 1047
1008 1087
1008 1088
1008 1270
1008 1356
1008 1380
1008 1418
1008 1468
1009 1020
1011 1012
1013 1015
1013 1023
1015 1017
1016 1017
1016 1019
1017 1019
1018 1032
1018 1033
1018 1041
1018 1043
1018 1049
1018 1077
1018 1273
1018 1277
1018 1278
1018 1378
1018 1419
1020 1022
1021 1022
1026 1027
1026 1028
1026 1031
1026 1032
1026 1033
1026 1034
1026 1036
1026 1037
1026 1042
1026 1043
1026 1047
1026 1127
1026 1128
1026 1143
1026 1144
1026 1307
1026 1309
1026 1430
1026 1432
1026 1437
1026 1441
1026 1442
1026 1444
1027 1028
1027 1030
1027 1031
1027 1032
1027 1033
1027 1036
1027 1049
1027 1127
1027 1129
1027 1233
1027 1445
1027 1446
1028 1031
1028 1032
1028 1033
1028 1034
1028 1037
1028 1042
1028 1043
1028 1047
1028 1128
1028 1143
1028 1144
1028 1307
1028 1309
1028 1383
1028 1430
1028 1432
1028 1437
1028 1441
1028 1442
1028 1444
1029 1312
1030 1129
1030 1130
1030 1306
1031 1032
1031 1033
1031 1138
1031 1141
1031 1171
1031 1308
1031 1435
1031 1437
1031 1438
1032 1033
1032 1034
1032 1037
1032 1042
1032 1043
1032 1047
1032 1049
1032 1128
1032 1143
1032 1144
1032 1307
1032 1309
1032 1430
1032 1432
1032 1437
1032 1441
1032 1442
1032 1444
1032 1445
1033 1036
1033 1043
1033 1049
1033 1127
1033 1141
1033 1264
1033 1444
1033 1445
1035 1036
1035 1037
1035 1038
1035 1039
1035 1040
1035 1041
1035 1042
1035 1043
1035 1450
1035 1452
1036 1037
1036 1038
1036 1039
1036 1040
1036 1041
1036 1042
1036 1043
1036 1127
1036 1453
1037 1038
1037 1039
1037 1040
1037 1041
1037 1042
1037 1043
1037 1047
1037 1056
1037 1170
1037 1257
1037 1315
1037 1394
1037 1475
1038 1039
1038 1040
1038 1041
1038 1042
1038 1043
1038 1047
1038 1088
1038 1166
1038 1175
1038 1260
1038 1270
1038 1317
1038 1400
1038 1418
1038 1434
1038 1468
1039 1040
1039 1041
1039 1042
1039 1043
1039 1172
1039 1317
1039 1450
1040 1041
1040 1042
1040 1043
1040 1172
1040 1317
1040 1428
1040 1450
1041 1042
1041 1043
1041 1046
1041 1120
1041 1165
1041 1172
1041 1174
1041 1190
1041 1317
1041 1318
1041 1450
1042 1043
1042 1047
1042 1170
1042 1262
1042 1315
1042 1355
1042 1394
1042 1441
1042 1475
1043 1047
1043 1049
1043 1170
1043 1315
1043 1320
1043 1394
1043 1444
1043 1475
1044 1045
1044 1046
1044 1179
1044 1322
1044 1323
1044 1474
1045 1046
1045 1176
1045 1459
1045 1460
1045 1471
1046 1179
1046 1474
1047 1049
1047 1056
1047 1242
1047 1257
1047 1348
1049 1233
1049 1405
1049 1445
1050 1066
1050 1079
1051 1052
1051 1053
1051 1056
1051 1057
1051 1058
1051 1059
1051 1061
1051 1063
1051 1115
1051 1128
1051 1143
1051 1144
1051 1165
1051 1170
1051 1242
1051 1256
1051 1257
1051 1262
1051 1396
1051 1398
1051 1409
1051 1432
1053 1056
1053 1057
1053 1058
1053 1059
1053 1061
1053 1063
1053 1115
1053 1128
1053 1143
1053 1144
1053 1170
1053 1242
1053 1256
1053 1257
1053 1262
1053 1396
1053 1398
1053 1409
1054 1055
1054 1056
1054 1057
1054 1058
1054 1167
1054 1168
1055 1167
1056 1057
1056 1058
1056 1059
1056 1061
1056 1063
1056 1087
1056 1088
1056 1115
1056 1128
1056 1143
1056 1144
1056 1170
1056 1242
1056 1256
1056 1257
1056 1259
1056 1260
1056 1262
1056 1396
1056 1398
1056 1399
1056 1400
1056 1409
1057 1058
1057 1059
1057 1063
1057 1257
1058 1059
1058 1061
1058 1063
1058 1077
1058 1087
1058 1088
1058 1113
1058 1120
1058 1126
1058 1165
1058 1174
1058 1190
1058 1237
1058 1257
1058 1259
1058 1260
1058 1378
1058 1397
1058 1399
1058 1400
1058 1402
1059 1061
1059 1063
1059 1115
1059 1128
1059 1143
1059 1144
1059 1170
1059 1242
1059 1256
1059 1257
1059 1262
1059 1307
1059 1396
1059 1398
1059 1409
1060 1135
1060 1136
1061 1063
1061 1082
1061 1090
1061 1138
1061 1141
1061 1171
1061 1261
1061 1271
1061 1402
1061 1435
1061 1465
1062 1137
1062 1149
1062 1181
1063 1096
1063 1115
1063 1128
1063 1143
1063 1144
1063 1170
1063 1242
1063 1256
1063 1257
1063 1262
1063 1396
1063 1398
1063 1409
1064 1192
1064 1223
1065 1066
1065 1067
1065 1070
1065 1071
1065 1099
1065 1101
1065 1102
1065 1103
1065 1104
1065 1147
1065 1155
1065 1158
1065 1181
1065 1196
1065 1198
1065 1201
1065 1203
1065 1231
1066 1071
1066 1104
1066 1201
1067 1070
1067 1071
1067 1110
1067 1185
1067 1214
1070 1071
1070 1103
1070 1117
1070 1118
1070 1159
1070 1214
1070 1215
1070 1216
1071 1104
1071 1118
1071 1119
1071 1159
1071 1189
1071 1201
1071 1214
1071 1216
1071 1217
1071 1218
1072 1073
1072 1191
1072 1219
1073 1220
1074 1224
1076 1412
1077 1082
1077 1083
1077 1084
1077 1087
1077 1088
1077 1090
1077 1113
1077 1120
1077 1126
1077 1161
1077 1165
1077 1174
1077 1190
1077 1200
1077 1203
1077 1205
1077 1237
1077 1267
1077 1268
1077 1273
1077 1277
1077 1278
1077 1282
1077 1410
1077 1413
1077 1419
1077 1420
1077 1466
1077 1467
1080 1091
1081 1097
1082 1083
1082 1084
1082 1087
1082 1088
1082 1090
1082 1209
1082 1269
1082 1271
1082 1371
1082 1414
1083 1084
1083 1087
1083 1088
1083 1090
1083 1127
1083 1141
1083 1209
1083 1269
1083 1410
1083 1414
1084 1087
1084 1088
1084 1090
1084 1209
1084 1248
1084 1267
1084 1269
1084 1274
1084 1284
1084 1414
1085 1092
1085 1094
1085 1110
1085 1149
1085 1150
1085 1158
1086 1133
1087 1088
1087 1090
1087 1270
1087 1418
1087 1468
1088 1090
1088 1166
1088 1175
1088 1260
1088 1270
1088 1400
1088 1418
1088 1434
1088 1468
1090 1092
1090 1138
1090 1141
1090 1171
1090 1271
1090 1273
1090 1435
1092 1094
1092 1137
1093 1094
1094 1147
1094 1169
1094 1244
1096 1097
1099 1100
1099 1101
1099 1102
1099 1103
1099 1104
1099 1105
1099 1110
1099 1118
1099 1147
1099 1150
1099 1181
1099 1196
1099 1198
1099 1201
1099 1203
1099 1330
1101 1102
1101 1103
1101 1104
1101 1105
1101 1110
1101 1118
1101 1147
1101 1159
1101 1181
1101 1196
1101 1198
1101 1201
1101 1203
1102 1103
1102 1104
1102 1105
1102 1107
1102 1108
1102 1145
1102 1155
1102 1157
1102 1211
1103 1104
1103 1105
1103 1110
1103 1111
1103 1117
1103 1118
1103 1147
1103 1161
1103 1181
1103 1196
1103 1198
1103 1201
1103 1203
1104 1105
1104 1110
1104 1112
1104 1118
1104 1119
1104 1147
1104 1156
1104 1181
1104 1196
1104 1198
1104 1200
1104 1201
1104 1202
1104 1203
1104 1216
1104 1288
1104 1423
1105 1112
1105 1118
1105 1119
1105 1156
1105 1200
1105 1201
1105 1202
1106 1107
1106 1108
1106 1109
1106 1112
1106 1115
1106 1116
1106 1119
1106 1122
1106 1148
1106 1184
1106 1208
1106 1246
1106 1247
1106 1421
1107 1108
1107 1157
1108 1145
1108 1155
1108 1157
1108 1207
1108 1208
1108 1211
1108 1421
1109 1110
1109 1111
1109 1112
1109 1113
1109 1116
1109 1119
1109 1122
1110 1111
1110 1112
1110 1113
1110 1118
1110 1146
1110 1149
1110 1150
1110 1158
1110 1186
1110 1214
1110 1249
1110 1292
1110 1293
1110 1294
1110 1425
1110 1426
1111 1112
1111 1113
1111 1115
1111 1117
1111 1120
1111 1123
1111 1126
1111 1146
1111 1152
1111 1161
1111 1166
1111 1177
1111 1186
1111 1209
1111 1212
1111 1215
1111 1237
1111 1248
1111 1292
1111 1297
1111 1341
1112 1113
1112 1116
1112 1118
1112 1119
1112 1122
1112 1156
1112 1189
1112 1202
1112 1212
1112 1295
1112 1296
1113 1115
1113 1117
1113 1120
1113 1123
1113 1126
1113 1146
1113 1152
1113 1165
1113 1166
1113 1174
1113 1186
1113 1190
1113 1212
1113 1237
1113 1248
1113 1282
1113 1292
1113 1297
1113 1362
1113 1397
1113 1420
1113 1426
1114 1115
1114 1116
1114 1117
1114 1118
1114 1119
1114 1120
1114 1122
1114 1123
1114 1210
1114 1213
1114 1291
1115 1116
1115 1117
1115 1118
1115 1119
1115 1120
1115 1122
1115 1123
1115 1126
1115 1128
1115 1143
1115 1144
1115 1153
1115 1162
1115 1170
1115 1172
1115 1190
1115 1215
1115 1242
1115 1428
1116 1117
1116 1118
1116 1119
1116 1120
1116 1122
1116 1123
1116 1160
1116 1189
1117 1118
1117 1119
1117 1120
1117 1122
1117 1123
1117 1126
1117 1152
1117 1153
1117 1161
1117 1162
1117 1172
1117 1177
1117 1190
1117 1209
1117 1215
1117 1428
1118 1119
1118 1120
1118 1122
1118 1123
1118 1124
1118 1159
1118 1189
1118 1201
1118 1214
1118 1216
1118 1217
1118 1218
1118 1288
1118 1298
1118 1423
1118 1427
1118 1429
1119 1120
1119 1122
1119 1123
1119 1156
1119 1189
1119 1202
1119 1216
1119 1217
1119 1218
1120 1122
1120 1123
1120 1126
1120 1153
1120 1162
1120 1165
1120 1172
1120 1174
1120 1190
1120 1215
1120 1237
1120 1282
1120 1420
1120 1428
1121 1122
1122 1123
1122 1125
1122 1189
1123 1124
1123 1126
1123 1153
1123 1162
1123 1172
1123 1190
1123 1215
1123 1428
1126 1165
1126 1174
1126 1175
1126 1177
1126 1179
1126 1190
1126 1237
1126 1282
1126 1304
1126 1420
1127 1128
1127 1129
1127 1131
1127 1138
1127 1141
1127 1143
1127 1144
1127 1233
1128 1129
1128 1131
1128 1138
1128 1141
1128 1143
1128 1144
1128 1170
1128 1242
1128 1307
1128 1309
1128 1383
1128 1430
1128 1432
1128 1437
1128 1441
1128 1442
1128 1444
1129 1130
1129 1131
1129 1138
1129 1141
1129 1143
1129 1144
1129 1233
1129 1306
1129 1445
1129 1446
1130 1131
1130 1306
1131 1132
1131 1138
1131 1141
1131 1143
1131 1144
1131 1146
1131 1172
1131 1186
1133 1258
1134 1139
1134 1142
1134 1169
1135 1136
1135 1140
1136 1241
1137 1138
1137 1139
1137 1141
1137 1149
1137 1181
1138 1139
1138 1140
1138 1141
1138 1143
1138 1144
1138 1171
1138 1308
1138 1435
1138 1437
1138 1438
1139 1140
1139 1142
1139 1439
1139 1440
1141 1143
1141 1144
1141 1171
1141 1261
1141 1308
1141 1435
1141 1437
1141 1438
1142 1252
1142 1440
1143 1144
1143 1170
1143 1242
1143 1307
1143 1309
1143 1394
1143 1430
1143 1432
1143 1437
1143 1441
1143 1442
1143 1444
1143 1446
1144 1170
1144 1242
1144 1307
1144 1309
1144 1430
1144 1432
1144 1437
1144 1441
1144 1442
1144 1444
1145 1146
1145 1155
1145 1157
1145 1158
1145 1166
1145 1211
1146 1152
1146 1166
1146 1172
1146 1186
1146 1212
1146 1237
1146 1248
1146 1249
1146 1292
1146 1354
1147 1149
1147 1150
1147 1169
1147 1181
1147 1196
1147 1198
1147 1201
1147 1203
1148 1184
1148 1208
1148 1246
1148 1247
1149 1150
1149 1152
1149 1158
1149 1181
1149 1210
1149 1353
1149 1392
1150 1152
1150 1158
1151 1417
1152 1153
1152 1161
1152 1166
1152 1177
1152 1186
1152 1209
1152 1212
1152 1215
1152 1237
1152 1248
1152 1341
1153 1154
1153 1162
1153 1172
1153 1190
1153 1215
1155 1156
1155 1157
1155 1158
1155 1211
1156 1189
1156 1200
1156 1201
1156 1202
1157 1158
1157 1207
1157 1208
1157 1211
1158 1159
1158 1166
1158 1211
1158 1231
1158 1425
1159 1198
1159 1214
1159 1216
1161 1162
1161 1177
1161 1200
1161 1205
1161 1209
1161 1215
1161 1461
1162 1172
1162 1190
1162 1215
1165 1166
1165 1170
1165 1171
1165 1172
1165 1174
1165 1175
1165 1177
1165 1179
1165 1190
1165 1237
1166 1170
1166 1171
1166 1172
1166 1174
1166 1175
1166 1177
1166 1186
1166 1211
1166 1212
1166 1237
1166 1248
1166 1255
1166 1317
1167 1168
1167 1169
1167 1236
1167 1245
1168 1169
1168 1176
1168 1188
1170 1171
1170 1172
1170 1174
1170 1175
1170 1177
1170 1242
1170 1307
1170 1315
1170 1394
1170 1475
1171 1172
1171 1174
1171 1175
1171 1177
1171 1315
1171 1438
1171 1475
1172 1174
1172 1175
1172 1176
1172 1177
1172 1186
1172 1190
1172 1214
1172 1215
1172 1317
1172 1327
1172 1367
1172 1450
1173 1174
1173 1218
1173 1457
1174 1175
1174 1177
1174 1179
1174 1190
1174 1237
1174 1242
1174 1452
1174 1453
1174 1458
1175 1176
1175 1177
1175 1179
1175 1317
1175 1324
1175 1459
1175 1472
1176 1177
1176 1179
1176 1185
1176 1199
1176 1459
1176 1460
1176 1471
1177 1179
1177 1209
1177 1215
1177 1324
1177 1472
1179 1318
1179 1322
1179 1323
1179 1347
1179 1458
1179 1474
1181 1196
1181 1198
1181 1201
1181 1203
1181 1328
1182 1184
1182 1185
1182 1207
1182 1245
1183 1184
1184 1185
1184 1208
1184 1246
1184 1247
1185 1186
1185 1199
1185 1337
1186 1190
1186 1212
1186 1237
1186 1248
1186 1249
1186 1292
1186 1354
1186 1367
1188 1189
1189 1190
1189 1202
1189 1216
1189 1217
1189 1218
1190 1215
1190 1237
1190 1367
1191 1219
1192 1223
1192 1226
1194 1357
1195 1196
1195 1197
1195 1198
1195 1199
1195 1200
1195 1201
1195 1202
1195 1203
1195 1205
1195 1229
1196 1197
1196 1198
1196 1199
1196 1200
1196 1201
1196 1202
1196 1203
1196 1205
1196 1214
1196 1216
1196 1231
1197 1198
1197 1199
1197 1200
1197 1201
1197 1202
1197 1203
1197 1205
1197 1224
1198 1199
1198 1200
1198 1201
1198 1202
1198 1203
1198 1205
1198 1214
1198 1216
1198 1231
1199 1200
1199 1201
1199 1202
1199 1203
1199 1205
1199 1214
1200 1201
1200 1202
1200 1203
1200 1205
1200 1209
1200 1212
1200 1215
1200 1216
1200 1217
1200 1218
1200 1268
1200 1413
1200 1467
1201 1202
1201 1203
1201 1205
1201 1212
1201 1214
1201 1216
1201 1217
1201 1218
1201 1231
1202 1203
1202 1205
1202 1212
1202 1216
1202 1217
1202 1218
1203 1204
1203 1205
1203 1214
1203 1216
1203 1231
1205 1209
1205 1212
1205 1215
1206 1207
1207 1208
1207 1209
1207 1211
1207 1245
1208 1209
1208 1211
1208 1246
1208 1247
1208 1421
1209 1212
1209 1215
1210 1211
1210 1212
1210 1213
1210 1291
1210 1340
1211 1212
1211 1231
1212 1215
1212 1216
1212 1217
1212 1218
1212 1237
1212 1248
1213 1214
1213 1215
1213 1216
1213 1217
1213 1218
1214 1215
1214 1216
1214 1217
1214 1218
1214 1231
1215 1216
1215 1217
1215 1218
1216 1217
1216 1218
1216 1231
1217 1218
1218 1228
1219 1220
1219 1221
1220 1221
1222 1223
1222 1224
1222 1225
1223 1224
1223 1226
1225 1226
1227 1228
1227 1230
1228 1229
1232 1239
1233 1237
1233 1242
1235 1238
1236 1240
1236 1245
1237 1242
1237 1248
1237 1362
1237 1397
1238 1239
1240 1242
1240 1368
1241 1243
1242 1243
1242 1309
1242 1348
1242 1350
1242 1442
1243 1244
1245 1246
1245 1247
1246 1247
1248 1249
1248 1354
1249 1293
1249 1354
1253 1255
1253 1260
1253 1265
1253 1312
1255 1256
1255 1257
1255 1259
1255 1260
1255 1261
1255 1262
1255 1264
1255 1270
1255 1292
1255 1297
1255 1317
1255 1341
1255 1354
1255 1397
1255 1400
1256 1257
1256 1259
1256 1260
1256 1261
1256 1262
1256 1264
1256 1307
1256 1309
1256 1315
1256 1336
1256 1344
1256 1348
1256 1355
1256 1396
1256 1398
1256 1409
1257 1258
1257 1259
1257 1260
1257 1261
1257 1262
1257 1264
1257 1270
1257 1307
1257 1309
1257 1315
1257 1336
1257 1344
1257 1348
1257 1355
1257 1396
1257 1398
1257 1399
1257 1400
1257 1409
1259 1260
1259 1261
1259 1262
1259 1264
1259 1270
1259 1399
1259 1400
1260 1261
1260 1262
1260 1264
1260 1270
1260 1317
1260 1399
1260 1400
1260 1418
1260 1434
1260 1468
1261 1262
1261 1264
1261 1271
1261 1273
1261 1308
1261 1315
1261 1399
1261 1402
1262 1264
1262 1307
1262 1309
1262 1315
1262 1336
1262 1344
1262 1348
1262 1355
1262 1396
1262 1398
1262 1409
1262 1441
1264 1265
1264 1277
1264 1320
1264 1378
1264 1399
1264 1405
1265 1277
1265 1378
1265 1406
1266 1267
1266 1268
1266 1322
1266 1328
1266 1329
1267 1268
1267 1269
1267 1270
1267 1271
1267 1273
1267 1274
1267 1275
1267 1277
1267 1278
1267 1279
1267 1282
1267 1284
1267 1410
1267 1413
1267 1466
1267 1467
1268 1269
1268 1270
1268 1271
1268 1273
1268 1274
1268 1277
1268 1278
1268 1279
1268 1282
1268 1324
1268 1410
1268 1413
1268 1466
1268 1467
1269 1270
1269 1271
1269 1273
1269 1274
1269 1277
1269 1278
1269 1279
1269 1284
1269 1286
1269 1290
1269 1292
1269 1327
1269 1336
1269 1337
1269 1350
1269 1354
1269 1414
1269 1422
1270 1271
1270 1273
1270 1274
1270 1277
1270 1278
1270 1317
1270 1400
1270 1418
1270 1434
1270 1468
1271 1273
1271 1274
1271 1277
1271 1278
1271 1308
1271 1315
1271 1435
1273 1274
1273 1277
1273 1278
1273 1282
1273 1308
1273 1315
1273 1402
1273 1419
1274 1275
1274 1277
1274 1278
1274 1284
1274 1309
1274 1350
1274 1380
1274 1403
1277 1278
1277 1282
1277 1320
1277 1378
1277 1419
1278 1282
1278 1419
1279 1280
1279 1281
1279 1282
1279 1284
1279 1286
1279 1290
1279 1292
1279 1293
1279 1294
1279 1297
1279 1304
1279 1327
1279 1350
1279 1354
1279 1420
1279 1422
1280 1281
1280 1282
1280 1286
1280 1291
1280 1292
1280 1293
1280 1294
1280 1329
1281 1294
1282 1284
1282 1286
1282 1290
1282 1292
1282 1297
1282 1304
1282 1420
1283 1284
1283 1285
1283 1286
1283 1287
1283 1288
1283 1289
1283 1290
1284 1285
1284 1286
1284 1288
1284 1289
1284 1290
1284 1292
1284 1297
1284 1304
1284 1336
1284 1422
1284 1428
1285 1286
1285 1288
1285 1289
1285 1290
1285 1298
1285 1301
1285 1423
1286 1288
1286 1289
1286 1290
1286 1292
1286 1293
1286 1294
1286 1297
1286 1304
1286 1327
1286 1336
1286 1337
1286 1350
1286 1354
1286 1422
1288 1289
1288 1290
1288 1295
1288 1298
1288 1301
1288 1423
1289 1290
1289 1297
1289 1298
1289 1301
1289 1304
1289 1423
1289 1429
1290 1292
1290 1297
1290 1304
1290 1308
1290 1336
1290 1422
1291 1292
1291 1293
1291 1294
1291 1295
1291 1297
1291 1329
1291 1340
1291 1343
1291 1353
1291 1424
1292 1293
1292 1294
1292 1295
1292 1297
1292 1304
1292 1327
1292 1341
1292 1350
1292 1354
1292 1422
1293 1294
1293 1295
1293 1297
1293 1354
1294 1295
1294 1297
1294 1340
1294 1354
1295 1296
1295 1297
1297 1298
1297 1304
1297 1320
1297 1341
1297 1354
1298 1301
1298 1304
1298 1427
1298 1429
1300 1301
1300 1302
1301 1303
1301 1309
1301 1310
1302 1303
1304 1320
1304 1324
1304 1344
1304 1346
1307 1308
1307 1309
1307 1310
1307 1315
1307 1336
1307 1344
1307 1348
1307 1355
1307 1430
1307 1432
1307 1437
1307 1441
1307 1442
1307 1444
1308 1309
1308 1315
1308 1435
1308 1437
1308 1438
1309 1310
1309 1315
1309 1336
1309 1344
1309 1348
1309 1350
1309 1355
1309 1430
1309 1432
1309 1437
1309 1441
1309 1442
1309 1444
1310 1442
1313 1321
1315 1317
1315 1320
1315 1324
1315 1326
1315 1327
1315 1336
1315 1344
1315 1348
1315 1355
1315 1394
1315 1437
1315 1475
1317 1318
1317 1320
1317 1324
1317 1327
1317 1450
1318 1322
1318 1323
1318 1347
1318 1458
1318 1474
1320 1324
1320 1327
1321 1338
1321 1391
1322 1323
1322 1324
1322 1343
1322 1347
1322 1474
1323 1324
1323 1347
1323 1474
1324 1327
1324 1344
1324 1472
1324 1473
1325 1326
1326 1327
1326 1395
1327 1350
1327 1354
1328 1329
1328 1330
1328 1331
1328 1332
1328 1333
1328 1339
1328 1340
1328 1343
1328 1353
1329 1330
1329 1331
1329 1332
1329 1340
1329 1343
1330 1331
1330 1332
1330 1333
1330 1339
1331 1332
1331 1338
1334 1335
1334 1336
1334 1337
1334 1338
1334 1346
1335 1352
1336 1337
1336 1341
1336 1344
1336 1348
1336 1355
1336 1370
1338 1339
1338 1340
1338 1341
1339 1340
1339 1341
1339 1353
1339 1462
1340 1341
1340 1343
1340 1353
1341 1344
1341 1354
1341 1461
1343 1344
1343 1345
1343 1346
1343 1347
1344 1345
1344 1346
1344 1347
1344 1348
1344 1355
1344 1370
1345 1346
1345 1347
1346 1347
1347 1474
1348 1350
1348 1355
1350 1354
1350 1404
1353 1354
1353 1392
1355 1441
1359 1368
1360 1362
1362 1363
1362 1397
1370 1396
1371 1373
1375 1376
1377 1378
1377 1380
1377 1403
1377 1404
1377 1465
1378 1397
1378 1402
1378 1405
1378 1406
1378 1419
1383 1430
1384 1385
1388 1389
1394 1395
1394 1475
1395 1408
1396 1397
1396 1398
1396 1399
1396 1400
1396 1402
1396 1403
1396 1404
1396 1405
1396 1408
1396 1409
1396 1430
1396 1432
1396 1437
1396 1441
1396 1442
1396 1444
1397 1398
1397 1399
1397 1400
1397 1402
1397 1403
1397 1404
1397 1405
1397 1406
1397 1409
1397 1419
1397 1420
1397 1426
1397 1462
1398 1399
1398 1400
1398 1402
1398 1403
1398 1404
1398 1405
1398 1408
1398 1409
1398 1430
1398 1432
1398 1437
1398 1441
1398 1442
1398 1444
1399 1400
1399 1402
1399 1403
1399 1404
1399 1405
1399 1409
1399 1410
1399 1414
1399 1418
1399 1433
1399 1434
1399 1453
1400 1402
1400 1403
1400 1404
1400 1405
1400 1409
1400 1418
1400 1433
1400 1434
1400 1468
1401 1439
1401 1440
1401 1449
1402 1403
1402 1404
1402 1405
1402 1406
1402 1409
1402 1419
1402 1420
1402 1435
1402 1437
1402 1438
1403 1404
1403 1405
1403 1409
1403 1428
1403 1442
1403 1452
1403 1453
1403 1465
1404 1405
1404 1409
1404 1422
1404 1442
1404 1452
1404 1453
1404 1465
1405 1406
1405 1409
1405 1419
1405 1444
1405 1445
1405 1446
1406 1419
1406 1426
1406 1462
1407 1408
1407 1424
1408 1409
1409 1430
1409 1432
1409 1437
1409 1441
1409 1442
1409 1444
1410 1413
1410 1414
1410 1418
1410 1419
1410 1420
1410 1453
1410 1461
1410 1466
1410 1467
1413 1414
1413 1418
1413 1419
1413 1420
1413 1461
1413 1466
1413 1467
1414 1415
1414 1418
1414 1419
1414 1422
1414 1453
1416 1417
1416 1424
1418 1419
1418 1433
1418 1434
1418 1468
1419 1420
1419 1444
1419 1445
1420 1422
1420 1426
1420 1428
1420 1461
1421 1422
1421 1423
1422 1423
1422 1428
1423 1425
1423 1426
1423 1427
1423 1429
1424 1425
1424 1426
1425 1426
1425 1427
1425 1429
1425 1462
1426 1427
1426 1429
1426 1462
1426 1463
1427 1428
1427 1429
1428 1429
1428 1450
1430 1431
1430 1432
1430 1433
1430 1434
1430 1435
1430 1437
1430 1438
1430 1441
1430 1442
1430 1444
1430 1445
1430 1446
1432 1433
1432 1434
1432 1435
1432 1437
1432 1438
1432 1441
1432 1442
1432 1444
1432 1445
1432 1446
1433 1434
1433 1435
1433 1437
1433 1438
1433 1441
1433 1442
1433 1444
1433 1445
1433 1446
1433 1450
1433 1452
1434 1435
1434 1437
1434 1438
1434 1441
1434 1442
1434 1444
1434 1445
1434 1446
1434 1468
1435 1436
1435 1437
1435 1438
1435 1441
1435 1442
1435 1444
1435 1445
1435 1446
1435 1450
1435 1452
1436 1443
1437 1438
1437 1441
1437 1442
1437 1444
1437 1445
1437 1446
1437 1475
1438 1441
1438 1442
1438 1444
1438 1445
1438 1446
1439 1440
1439 1449
1440 1449
1440 1463
1441 1442
1441 1444
1441 1445
1441 1446
1442 1444
1442 1445
1442 1446
1442 1452
1442 1453
1444 1445
1444 1446
1445 1446
1446 1447
1449 1451
1449 1454
1450 1451
1450 1452
1450 1453
1452 1453
1452 1455
1452 1456
1452 1457
1452 1458
1452 1465
1453 1454
1453 1455
1453 1456
1453 1457
1453 1458
1454 1455
1455 1456
1455 1457
1455 1458
1456 1457
1456 1458
1456 1459
1456 1460
1457 1458
1458 1474
1459 1460
1460 1471
1462 1463
1466 1467
1466 1468
1467 1468
1467 1472
1468 1469
1471 1472
1471 1473
1471 1474
1472 1473
1472 1474
1473 1474
